1 1 0.546692 -0.496356 0 -26.7318 -6.95508 0 
2 1 0.489799 -0.447102 0 8.52165 -20.8144 0 
3 1 0.491786 -0.326791 0 5.70115 2.22938 0 
4 1 0.549626 -0.225806 0 21.4177 -1.55373 0 
5 1 0.460989 -0.121065 0 49.3282 18.4429 0 
6 1 0.405793 0.0296627 0 -15.0151 -21.3081 0 
7 1 0.548957 0.113672 0 -28.5576 -4.49976 0 
8 1 0.546762 0.156677 0 29.2921 14.2133 0 
9 1 0.536753 0.547343 0 3.90956 -22.4523 0 
10 1 0.423487 0.545431 0 3.01058 -5.56892 0 
11 1 0.502705 -0.495213 0 -5.44944 2.10762 0 
12 1 0.493208 -0.401143 0 -8.36253 -8.81536 0 
13 1 0.547004 -0.306348 0 -15.7133 -12.7721 0 
14 1 0.507755 -0.0978082 0 2.1586 -9.27846 0 
15 1 0.545869 -0.160585 0 3.0092 9.98347 0 
16 1 0.44414 -0.0535947 0 12.0383 -33.8169 0 
17 1 0.541415 0.0262281 0 0.255546 6.25192 0 
18 1 0.549089 0.289228 0 -7.4415 -41.8991 0 
19 1 0.484113 0.296528 0 4.53215 -13.6148 0 
20 1 0.549935 0.453339 0 19.9307 -22.5816 0 
21 1 0.454973 -0.493594 0 3.06777 -4.84863 0 
22 1 0.534768 -0.416078 0 0.507329 30.154 0 
23 1 0.444436 -0.204283 0 -9.222 4.24381 0 
24 1 0.54978 -0.2664 0 -23.8914 -4.64346 0 
25 1 0.548515 -0.0856756 0 -38.1024 0.966972 0 
26 1 0.549759 0.0651327 0 38.2062 16.6566 0 
27 1 0.507101 0.12644 0 -16.0981 4.85437 0 
28 1 0.54892 0.215564 0 22.0537 11.5083 0 
29 1 0.505717 0.514653 0 -6.3965 -3.96 0 
30 1 0.468296 0.414443 0 -41.7258 -39.1084 0 
31 1 0.456275 -0.548473 0 22.7679 -23.2021 0 
32 1 0.54596 -0.343301 0 -2.28033 16.6044 0 
33 1 0.458053 -0.248021 0 -0.226137 27.0212 0 
34 1 0.449517 -0.00296486 0 7.17169 -21.3729 0 
35 1 0.548997 -0.12357 0 -52.4479 21.8783 0 
36 1 0.549151 -0.046953 0 -12.8415 -4.00175 0 
37 1 0.462042 0.238633 0 87.0682 22.8236 0 
38 1 0.394304 0.348514 0 5.03607 -27.2088 0 
39 1 0.444267 0.27722 0 55.3406 42.0343 0 
40 1 0.456765 0.361274 0 20.3215 33.0249 0 
41 1 0.424314 -0.280163 0 42.7561 10.074 0 
42 1 0.408784 -0.229501 0 14.7643 39.5766 0 
43 1 0.507839 -0.245698 0 12.3487 8.91229 0 
44 1 0.506814 -0.141416 0 2.7968 -11.0644 0 
45 1 0.495663 0.332049 0 -51.4782 8.73142 0 
46 1 0.454934 0.116642 0 -29.3668 -21.2934 0 
47 1 0.444554 0.317273 0 -51.5829 -31.4707 0 
48 1 0.495602 0.223333 0 -5.70017 33.5857 0 
49 1 0.392468 0.29255 0 -19.7037 -57.0939 0 
50 1 0.443502 0.447743 0 -28.1394 5.52829 0 
51 1 0.548181 -0.452994 0 -16.5481 22.0026 0 
52 1 0.448707 -0.389713 0 -16.8813 -10.6932 0 
53 1 0.431859 -0.330771 0 -16.6184 18.2881 0 
54 1 0.432349 -0.161721 0 -6.32594 -0.00359392 0 
55 1 0.46238 -0.295068 0 22.7315 3.41272 0 
56 1 0.391107 -0.0232461 0 -7.37839 -45.1507 0 
57 1 0.433364 0.0698298 0 -17.2932 18.101 0 
58 1 0.548925 0.405362 0 18.9696 -14.1872 0 
59 1 0.545385 0.500117 0 4.14255 10.2132 0 
60 1 0.390676 0.492088 0 11.6859 -18.2408 0 
61 1 0.505403 -0.542471 0 33.2368 -3.42626 0 
62 1 0.339221 -0.486013 0 -15.4849 38.6237 0 
63 1 0.506078 -0.28587 0 6.29606 5.42085 0 
64 1 0.54742 -0.194888 0 -4.99143 13.863 0 
65 1 0.516789 0.086094 0 -34.7159 -16.8803 0 
66 1 0.495827 -0.0201142 0 11.7631 -6.26096 0 
67 1 0.548215 0.250792 0 -2.60733 -13.442 0 
68 1 0.512168 0.269206 0 8.44747 3.55631 0 
69 1 0.491328 0.467375 0 -9.01657 2.8933 0 
70 1 0.44191 0.186187 0 10.0897 14.8477 0 
71 1 0.385341 -0.414081 0 -57.1436 -7.46854 0 
72 1 0.393994 -0.363571 0 -35.3634 10.039 0 
73 1 0.505506 -0.364004 0 29.7131 -1.7741 0 
74 1 0.479962 0.0626937 0 -43.4486 -10.3946 0 
75 1 0.394016 -0.106141 0 4.85592 -53.1875 0 
76 1 0.548836 -0.00795407 0 -7.2066 1.67075 0 
77 1 0.485061 0.170168 0 -13.7737 0.604535 0 
78 1 0.422903 0.2422 0 59.1988 -39.7377 0 
79 1 0.54991 0.355354 0 -27.8416 -15.4174 0 
80 1 0.354517 0.388937 0 -35.7467 -20.6469 0 
81 1 0.548709 -0.382095 0 9.70449 30.1034 0 
82 1 0.403973 -0.506246 0 -1.82235 -24.7333 0 
83 1 0.496793 -0.209876 0 -2.63277 10.2376 0 
84 1 0.474046 -0.169319 0 -31.4707 35.8278 0 
85 1 0.502113 -0.057403 0 4.96834 2.61583 0 
86 1 0.350246 0.188756 0 21.1463 -9.36097 0 
87 1 0.37553 0.24535 0 -40.8344 38.3994 0 
88 1 0.525129 0.189506 0 -39.3838 5.0386 0 
89 1 0.535396 0.310956 0 10.166 -3.35443 0 
90 1 0.442192 0.491396 0 -0.687103 1.38237 0 
91 1 0.548194 -0.546728 0 0.920076 -5.74784 0 
92 1 0.380041 -0.271195 0 32.1433 16.0289 0 
93 1 0.424571 -0.444718 0 -22.4171 -1.32263 0 
94 1 0.302702 -0.155803 0 -57.9784 -34.3924 0 
95 1 0.312784 0.198694 0 5.17657 18.9681 0 
96 1 0.495702 0.0218042 0 -21.083 -8.84682 0 
97 1 0.401338 0.138672 0 -63.43 -9.50758 0 
98 1 0.505482 0.427564 0 -22.7249 32.1899 0 
99 1 0.500763 0.381074 0 -29.7376 -3.35163 0 
100 1 0.470995 0.549163 0 -0.100034 2.68365 0 


