-4.90384615385 -0.5
-4.90384615385 -0.45
-4.95192307692 -0.45
-4.95192307692 -0.5
-5.0 -0.5
-5.0 -0.45
-5.0 -0.4
-4.95192307692 -0.4
-4.90384615385 -0.4
-4.80769230769 -0.5
-4.80769230769 -0.45
-4.85576923077 -0.45
-4.85576923077 -0.5
-4.85576923077 -0.4
-4.80769230769 -0.4
-4.71153846154 -0.5
-4.71153846154 -0.45
-4.75961538462 -0.45
-4.75961538462 -0.5
-4.75961538462 -0.4
-4.71153846154 -0.4
-4.61538461538 -0.5
-4.61538461538 -0.45
-4.66346153846 -0.45
-4.66346153846 -0.5
-4.66346153846 -0.4
-4.61538461538 -0.4
-4.51923076923 -0.5
-4.51923076923 -0.45
-4.56730769231 -0.45
-4.56730769231 -0.5
-4.56730769231 -0.4
-4.51923076923 -0.4
-4.42307692308 -0.5
-4.42307692308 -0.45
-4.47115384615 -0.45
-4.47115384615 -0.5
-4.47115384615 -0.4
-4.42307692308 -0.4
-4.32692307692 -0.5
-4.32692307692 -0.45
-4.375 -0.45
-4.375 -0.5
-4.375 -0.4
-4.32692307692 -0.4
-4.23076923077 -0.5
-4.23076923077 -0.45
-4.27884615385 -0.45
-4.27884615385 -0.5
-4.27884615385 -0.4
-4.23076923077 -0.4
-4.13461538462 -0.5
-4.13461538462 -0.45
-4.18269230769 -0.45
-4.18269230769 -0.5
-4.18269230769 -0.4
-4.13461538462 -0.4
-4.03846153846 -0.5
-4.03846153846 -0.45
-4.08653846154 -0.45
-4.08653846154 -0.5
-4.08653846154 -0.4
-4.03846153846 -0.4
-3.94230769231 -0.5
-3.94230769231 -0.45
-3.99038461538 -0.45
-3.99038461538 -0.5
-3.99038461538 -0.4
-3.94230769231 -0.4
-3.84615384615 -0.5
-3.84615384615 -0.45
-3.89423076923 -0.45
-3.89423076923 -0.5
-3.89423076923 -0.4
-3.84615384615 -0.4
-3.75 -0.5
-3.75 -0.45
-3.79807692308 -0.45
-3.79807692308 -0.5
-3.79807692308 -0.4
-3.75 -0.4
-3.65384615385 -0.5
-3.65384615385 -0.45
-3.70192307692 -0.45
-3.70192307692 -0.5
-3.70192307692 -0.4
-3.65384615385 -0.4
-3.55769230769 -0.5
-3.55769230769 -0.45
-3.60576923077 -0.45
-3.60576923077 -0.5
-3.60576923077 -0.4
-3.55769230769 -0.4
-3.46153846154 -0.5
-3.46153846154 -0.45
-3.50961538462 -0.45
-3.50961538462 -0.5
-3.50961538462 -0.4
-3.46153846154 -0.4
-3.36538461538 -0.5
-3.36538461538 -0.45
-3.41346153846 -0.45
-3.41346153846 -0.5
-3.41346153846 -0.4
-3.36538461538 -0.4
-3.26923076923 -0.5
-3.26923076923 -0.45
-3.31730769231 -0.45
-3.31730769231 -0.5
-3.31730769231 -0.4
-3.26923076923 -0.4
-3.17307692308 -0.5
-3.17307692308 -0.45
-3.22115384615 -0.45
-3.22115384615 -0.5
-3.22115384615 -0.4
-3.17307692308 -0.4
-3.07692307692 -0.5
-3.07692307692 -0.45
-3.125 -0.45
-3.125 -0.5
-3.125 -0.4
-3.07692307692 -0.4
-2.98076923077 -0.5
-2.98076923077 -0.45
-3.02884615385 -0.45
-3.02884615385 -0.5
-3.02884615385 -0.4
-2.98076923077 -0.4
-2.88461538462 -0.5
-2.88461538462 -0.45
-2.93269230769 -0.45
-2.93269230769 -0.5
-2.93269230769 -0.4
-2.88461538462 -0.4
-2.78846153846 -0.5
-2.78846153846 -0.45
-2.83653846154 -0.45
-2.83653846154 -0.5
-2.83653846154 -0.4
-2.78846153846 -0.4
-2.69230769231 -0.5
-2.69230769231 -0.45
-2.74038461538 -0.45
-2.74038461538 -0.5
-2.74038461538 -0.4
-2.69230769231 -0.4
-2.59615384615 -0.5
-2.59615384615 -0.45
-2.64423076923 -0.45
-2.64423076923 -0.5
-2.64423076923 -0.4
-2.59615384615 -0.4
-2.5 -0.5
-2.5 -0.45
-2.54807692308 -0.45
-2.54807692308 -0.5
-2.54807692308 -0.4
-2.5 -0.4
-2.40384615385 -0.5
-2.40384615385 -0.45
-2.45192307692 -0.45
-2.45192307692 -0.5
-2.45192307692 -0.4
-2.40384615385 -0.4
-2.30769230769 -0.5
-2.30769230769 -0.45
-2.35576923077 -0.45
-2.35576923077 -0.5
-2.35576923077 -0.4
-2.30769230769 -0.4
-2.21153846154 -0.5
-2.21153846154 -0.45
-2.25961538462 -0.45
-2.25961538462 -0.5
-2.25961538462 -0.4
-2.21153846154 -0.4
-2.11538461538 -0.5
-2.11538461538 -0.45
-2.16346153846 -0.45
-2.16346153846 -0.5
-2.16346153846 -0.4
-2.11538461538 -0.4
-2.01923076923 -0.5
-2.01923076923 -0.45
-2.06730769231 -0.45
-2.06730769231 -0.5
-2.06730769231 -0.4
-2.01923076923 -0.4
-1.92307692308 -0.5
-1.92307692308 -0.45
-1.97115384615 -0.45
-1.97115384615 -0.5
-1.97115384615 -0.4
-1.92307692308 -0.4
-1.82692307692 -0.5
-1.82692307692 -0.45
-1.875 -0.45
-1.875 -0.5
-1.875 -0.4
-1.82692307692 -0.4
-1.73076923077 -0.5
-1.73076923077 -0.45
-1.77884615385 -0.45
-1.77884615385 -0.5
-1.77884615385 -0.4
-1.73076923077 -0.4
-1.63461538462 -0.5
-1.63461538462 -0.45
-1.68269230769 -0.45
-1.68269230769 -0.5
-1.68269230769 -0.4
-1.63461538462 -0.4
-1.53846153846 -0.5
-1.53846153846 -0.45
-1.58653846154 -0.45
-1.58653846154 -0.5
-1.58653846154 -0.4
-1.53846153846 -0.4
-1.44230769231 -0.5
-1.44230769231 -0.45
-1.49038461538 -0.45
-1.49038461538 -0.5
-1.49038461538 -0.4
-1.44230769231 -0.4
-1.34615384615 -0.5
-1.34615384615 -0.45
-1.39423076923 -0.45
-1.39423076923 -0.5
-1.39423076923 -0.4
-1.34615384615 -0.4
-1.25 -0.5
-1.25 -0.45
-1.29807692308 -0.45
-1.29807692308 -0.5
-1.29807692308 -0.4
-1.25 -0.4
-1.15384615385 -0.5
-1.15384615385 -0.45
-1.20192307692 -0.45
-1.20192307692 -0.5
-1.20192307692 -0.4
-1.15384615385 -0.4
-1.05769230769 -0.5
-1.05769230769 -0.45
-1.10576923077 -0.45
-1.10576923077 -0.5
-1.10576923077 -0.4
-1.05769230769 -0.4
-0.961538461538 -0.5
-0.961538461538 -0.45
-1.00961538462 -0.45
-1.00961538462 -0.5
-1.00961538462 -0.4
-0.961538461538 -0.4
-0.865384615385 -0.5
-0.865384615385 -0.45
-0.913461538462 -0.45
-0.913461538462 -0.5
-0.913461538462 -0.4
-0.865384615385 -0.4
-0.769230769231 -0.5
-0.769230769231 -0.45
-0.817307692308 -0.45
-0.817307692308 -0.5
-0.817307692308 -0.4
-0.769230769231 -0.4
-0.673076923077 -0.5
-0.673076923077 -0.45
-0.721153846154 -0.45
-0.721153846154 -0.5
-0.721153846154 -0.4
-0.673076923077 -0.4
-0.576923076923 -0.5
-0.576923076923 -0.45
-0.625 -0.45
-0.625 -0.5
-0.625 -0.4
-0.576923076923 -0.4
-0.480769230769 -0.5
-0.480769230769 -0.45
-0.528846153846 -0.45
-0.528846153846 -0.5
-0.528846153846 -0.4
-0.480769230769 -0.4
-0.384615384615 -0.5
-0.384615384615 -0.45
-0.432692307692 -0.45
-0.432692307692 -0.5
-0.432692307692 -0.4
-0.384615384615 -0.4
-0.288461538462 -0.5
-0.288461538462 -0.45
-0.336538461538 -0.45
-0.336538461538 -0.5
-0.336538461538 -0.4
-0.288461538462 -0.4
-0.192307692308 -0.5
-0.192307692308 -0.45
-0.240384615385 -0.45
-0.240384615385 -0.5
-0.240384615385 -0.4
-0.192307692308 -0.4
-0.0961538461538 -0.5
-0.0961538461538 -0.45
-0.144230769231 -0.45
-0.144230769231 -0.5
-0.144230769231 -0.4
-0.0961538461538 -0.4
0.0 -0.5
9.71445146547e-17 -0.45
-0.0480769230769 -0.45
-0.0480769230769 -0.5
-0.0480769230769 -0.4
5.55111512313e-17 -0.4
0.0961538461538 -0.5
0.0961538461538 -0.45
0.0480769230769 -0.45
0.0480769230769 -0.5
0.0480769230769 -0.4
0.0961538461538 -0.4
0.192307692308 -0.5
0.192307692308 -0.45
0.144230769231 -0.45
0.144230769231 -0.5
0.144230769231 -0.4
0.192307692308 -0.4
0.288461538462 -0.5
0.288461538462 -0.45
0.240384615385 -0.45
0.240384615385 -0.5
0.240384615385 -0.4
0.288461538462 -0.4
0.384615384615 -0.5
0.384615384615 -0.45
0.336538461538 -0.45
0.336538461538 -0.5
0.336538461538 -0.4
0.384615384615 -0.4
0.480769230769 -0.5
0.480769230769 -0.45
0.432692307692 -0.45
0.432692307692 -0.5
0.432692307692 -0.4
0.480769230769 -0.4
0.576923076923 -0.5
0.576923076923 -0.45
0.528846153846 -0.45
0.528846153846 -0.5
0.528846153846 -0.4
0.576923076923 -0.4
0.673076923077 -0.5
0.673076923077 -0.45
0.625 -0.45
0.625 -0.5
0.625 -0.4
0.673076923077 -0.4
0.769230769231 -0.5
0.769230769231 -0.45
0.721153846154 -0.45
0.721153846154 -0.5
0.721153846154 -0.4
0.769230769231 -0.4
0.865384615385 -0.5
0.865384615385 -0.45
0.817307692308 -0.45
0.817307692308 -0.5
0.817307692308 -0.4
0.865384615385 -0.4
0.961538461538 -0.5
0.961538461538 -0.45
0.913461538462 -0.45
0.913461538462 -0.5
0.913461538462 -0.4
0.961538461538 -0.4
1.05769230769 -0.5
1.05769230769 -0.45
1.00961538462 -0.45
1.00961538462 -0.5
1.00961538462 -0.4
1.05769230769 -0.4
1.15384615385 -0.5
1.15384615385 -0.45
1.10576923077 -0.45
1.10576923077 -0.5
1.10576923077 -0.4
1.15384615385 -0.4
1.25 -0.5
1.25 -0.45
1.20192307692 -0.45
1.20192307692 -0.5
1.20192307692 -0.4
1.25 -0.4
1.34615384615 -0.5
1.34615384615 -0.45
1.29807692308 -0.45
1.29807692308 -0.5
1.29807692308 -0.4
1.34615384615 -0.4
1.44230769231 -0.5
1.44230769231 -0.45
1.39423076923 -0.45
1.39423076923 -0.5
1.39423076923 -0.4
1.44230769231 -0.4
1.53846153846 -0.5
1.53846153846 -0.45
1.49038461538 -0.45
1.49038461538 -0.5
1.49038461538 -0.4
1.53846153846 -0.4
1.63461538462 -0.5
1.63461538462 -0.45
1.58653846154 -0.45
1.58653846154 -0.5
1.58653846154 -0.4
1.63461538462 -0.4
1.73076923077 -0.5
1.73076923077 -0.45
1.68269230769 -0.45
1.68269230769 -0.5
1.68269230769 -0.4
1.73076923077 -0.4
1.82692307692 -0.5
1.82692307692 -0.45
1.77884615385 -0.45
1.77884615385 -0.5
1.77884615385 -0.4
1.82692307692 -0.4
1.92307692308 -0.5
1.92307692308 -0.45
1.875 -0.45
1.875 -0.5
1.875 -0.4
1.92307692308 -0.4
2.01923076923 -0.5
2.01923076923 -0.45
1.97115384615 -0.45
1.97115384615 -0.5
1.97115384615 -0.4
2.01923076923 -0.4
2.11538461538 -0.5
2.11538461538 -0.45
2.06730769231 -0.45
2.06730769231 -0.5
2.06730769231 -0.4
2.11538461538 -0.4
2.21153846154 -0.5
2.21153846154 -0.45
2.16346153846 -0.45
2.16346153846 -0.5
2.16346153846 -0.4
2.21153846154 -0.4
2.30769230769 -0.5
2.30769230769 -0.45
2.25961538462 -0.45
2.25961538462 -0.5
2.25961538462 -0.4
2.30769230769 -0.4
2.40384615385 -0.5
2.40384615385 -0.45
2.35576923077 -0.45
2.35576923077 -0.5
2.35576923077 -0.4
2.40384615385 -0.4
2.5 -0.5
2.5 -0.45
2.45192307692 -0.45
2.45192307692 -0.5
2.45192307692 -0.4
2.5 -0.4
2.59615384615 -0.5
2.59615384615 -0.45
2.54807692308 -0.45
2.54807692308 -0.5
2.54807692308 -0.4
2.59615384615 -0.4
2.69230769231 -0.5
2.69230769231 -0.45
2.64423076923 -0.45
2.64423076923 -0.5
2.64423076923 -0.4
2.69230769231 -0.4
2.78846153846 -0.5
2.78846153846 -0.45
2.74038461538 -0.45
2.74038461538 -0.5
2.74038461538 -0.4
2.78846153846 -0.4
2.88461538462 -0.5
2.88461538462 -0.45
2.83653846154 -0.45
2.83653846154 -0.5
2.83653846154 -0.4
2.88461538462 -0.4
2.98076923077 -0.5
2.98076923077 -0.45
2.93269230769 -0.45
2.93269230769 -0.5
2.93269230769 -0.4
2.98076923077 -0.4
3.07692307692 -0.5
3.07692307692 -0.45
3.02884615385 -0.45
3.02884615385 -0.5
3.02884615385 -0.4
3.07692307692 -0.4
3.17307692308 -0.5
3.17307692308 -0.45
3.125 -0.45
3.125 -0.5
3.125 -0.4
3.17307692308 -0.4
3.26923076923 -0.5
3.26923076923 -0.45
3.22115384615 -0.45
3.22115384615 -0.5
3.22115384615 -0.4
3.26923076923 -0.4
3.36538461538 -0.5
3.36538461538 -0.45
3.31730769231 -0.45
3.31730769231 -0.5
3.31730769231 -0.4
3.36538461538 -0.4
3.46153846154 -0.5
3.46153846154 -0.45
3.41346153846 -0.45
3.41346153846 -0.5
3.41346153846 -0.4
3.46153846154 -0.4
3.55769230769 -0.5
3.55769230769 -0.45
3.50961538462 -0.45
3.50961538462 -0.5
3.50961538462 -0.4
3.55769230769 -0.4
3.65384615385 -0.5
3.65384615385 -0.45
3.60576923077 -0.45
3.60576923077 -0.5
3.60576923077 -0.4
3.65384615385 -0.4
3.75 -0.5
3.75 -0.45
3.70192307692 -0.45
3.70192307692 -0.5
3.70192307692 -0.4
3.75 -0.4
3.84615384615 -0.5
3.84615384615 -0.45
3.79807692308 -0.45
3.79807692308 -0.5
3.79807692308 -0.4
3.84615384615 -0.4
3.94230769231 -0.5
3.94230769231 -0.45
3.89423076923 -0.45
3.89423076923 -0.5
3.89423076923 -0.4
3.94230769231 -0.4
4.03846153846 -0.5
4.03846153846 -0.45
3.99038461538 -0.45
3.99038461538 -0.5
3.99038461538 -0.4
4.03846153846 -0.4
4.13461538462 -0.5
4.13461538462 -0.45
4.08653846154 -0.45
4.08653846154 -0.5
4.08653846154 -0.4
4.13461538462 -0.4
4.23076923077 -0.5
4.23076923077 -0.45
4.18269230769 -0.45
4.18269230769 -0.5
4.18269230769 -0.4
4.23076923077 -0.4
4.32692307692 -0.5
4.32692307692 -0.45
4.27884615385 -0.45
4.27884615385 -0.5
4.27884615385 -0.4
4.32692307692 -0.4
4.42307692308 -0.5
4.42307692308 -0.45
4.375 -0.45
4.375 -0.5
4.375 -0.4
4.42307692308 -0.4
4.51923076923 -0.5
4.51923076923 -0.45
4.47115384615 -0.45
4.47115384615 -0.5
4.47115384615 -0.4
4.51923076923 -0.4
4.61538461538 -0.5
4.61538461538 -0.45
4.56730769231 -0.45
4.56730769231 -0.5
4.56730769231 -0.4
4.61538461538 -0.4
4.71153846154 -0.5
4.71153846154 -0.45
4.66346153846 -0.45
4.66346153846 -0.5
4.66346153846 -0.4
4.71153846154 -0.4
4.80769230769 -0.5
4.80769230769 -0.45
4.75961538462 -0.45
4.75961538462 -0.5
4.75961538462 -0.4
4.80769230769 -0.4
4.90384615385 -0.5
4.90384615385 -0.45
4.85576923077 -0.45
4.85576923077 -0.5
4.85576923077 -0.4
4.90384615385 -0.4
5.0 -0.5
5.0 -0.45
4.95192307692 -0.45
4.95192307692 -0.5
4.95192307692 -0.4
5.0 -0.4
-4.90384615385 -0.35
-4.95192307692 -0.35
-5.0 -0.35
-5.0 -0.3
-4.95192307692 -0.3
-4.90384615385 -0.3
-4.80769230769 -0.35
-4.85576923077 -0.35
-4.85576923077 -0.3
-4.80769230769 -0.3
-4.71153846154 -0.35
-4.75961538462 -0.35
-4.75961538462 -0.3
-4.71153846154 -0.3
-4.61538461538 -0.35
-4.66346153846 -0.35
-4.66346153846 -0.3
-4.61538461538 -0.3
-4.51923076923 -0.35
-4.56730769231 -0.35
-4.56730769231 -0.3
-4.51923076923 -0.3
-4.42307692308 -0.35
-4.47115384615 -0.35
-4.47115384615 -0.3
-4.42307692308 -0.3
-4.32692307692 -0.35
-4.375 -0.35
-4.375 -0.3
-4.32692307692 -0.3
-4.23076923077 -0.35
-4.27884615385 -0.35
-4.27884615385 -0.3
-4.23076923077 -0.3
-4.13461538462 -0.35
-4.18269230769 -0.35
-4.18269230769 -0.3
-4.13461538462 -0.3
-4.03846153846 -0.35
-4.08653846154 -0.35
-4.08653846154 -0.3
-4.03846153846 -0.3
-3.94230769231 -0.35
-3.99038461538 -0.35
-3.99038461538 -0.3
-3.94230769231 -0.3
-3.84615384615 -0.35
-3.89423076923 -0.35
-3.89423076923 -0.3
-3.84615384615 -0.3
-3.75 -0.35
-3.79807692308 -0.35
-3.79807692308 -0.3
-3.75 -0.3
-3.65384615385 -0.35
-3.70192307692 -0.35
-3.70192307692 -0.3
-3.65384615385 -0.3
-3.55769230769 -0.35
-3.60576923077 -0.35
-3.60576923077 -0.3
-3.55769230769 -0.3
-3.46153846154 -0.35
-3.50961538462 -0.35
-3.50961538462 -0.3
-3.46153846154 -0.3
-3.36538461538 -0.35
-3.41346153846 -0.35
-3.41346153846 -0.3
-3.36538461538 -0.3
-3.26923076923 -0.35
-3.31730769231 -0.35
-3.31730769231 -0.3
-3.26923076923 -0.3
-3.17307692308 -0.35
-3.22115384615 -0.35
-3.22115384615 -0.3
-3.17307692308 -0.3
-3.07692307692 -0.35
-3.125 -0.35
-3.125 -0.3
-3.07692307692 -0.3
-2.98076923077 -0.35
-3.02884615385 -0.35
-3.02884615385 -0.3
-2.98076923077 -0.3
-2.88461538462 -0.35
-2.93269230769 -0.35
-2.93269230769 -0.3
-2.88461538462 -0.3
-2.78846153846 -0.35
-2.83653846154 -0.35
-2.83653846154 -0.3
-2.78846153846 -0.3
-2.69230769231 -0.35
-2.74038461538 -0.35
-2.74038461538 -0.3
-2.69230769231 -0.3
-2.59615384615 -0.35
-2.64423076923 -0.35
-2.64423076923 -0.3
-2.59615384615 -0.3
-2.5 -0.35
-2.54807692308 -0.35
-2.54807692308 -0.3
-2.5 -0.3
-2.40384615385 -0.35
-2.45192307692 -0.35
-2.45192307692 -0.3
-2.40384615385 -0.3
-2.30769230769 -0.35
-2.35576923077 -0.35
-2.35576923077 -0.3
-2.30769230769 -0.3
-2.21153846154 -0.35
-2.25961538462 -0.35
-2.25961538462 -0.3
-2.21153846154 -0.3
-2.11538461538 -0.35
-2.16346153846 -0.35
-2.16346153846 -0.3
-2.11538461538 -0.3
-2.01923076923 -0.35
-2.06730769231 -0.35
-2.06730769231 -0.3
-2.01923076923 -0.3
-1.92307692308 -0.35
-1.97115384615 -0.35
-1.97115384615 -0.3
-1.92307692308 -0.3
-1.82692307692 -0.35
-1.875 -0.35
-1.875 -0.3
-1.82692307692 -0.3
-1.73076923077 -0.35
-1.77884615385 -0.35
-1.77884615385 -0.3
-1.73076923077 -0.3
-1.63461538462 -0.35
-1.68269230769 -0.35
-1.68269230769 -0.3
-1.63461538462 -0.3
-1.53846153846 -0.35
-1.58653846154 -0.35
-1.58653846154 -0.3
-1.53846153846 -0.3
-1.44230769231 -0.35
-1.49038461538 -0.35
-1.49038461538 -0.3
-1.44230769231 -0.3
-1.34615384615 -0.35
-1.39423076923 -0.35
-1.39423076923 -0.3
-1.34615384615 -0.3
-1.25 -0.35
-1.29807692308 -0.35
-1.29807692308 -0.3
-1.25 -0.3
-1.15384615385 -0.35
-1.20192307692 -0.35
-1.20192307692 -0.3
-1.15384615385 -0.3
-1.05769230769 -0.35
-1.10576923077 -0.35
-1.10576923077 -0.3
-1.05769230769 -0.3
-0.961538461538 -0.35
-1.00961538462 -0.35
-1.00961538462 -0.3
-0.961538461538 -0.3
-0.865384615385 -0.35
-0.913461538462 -0.35
-0.913461538462 -0.3
-0.865384615385 -0.3
-0.769230769231 -0.35
-0.817307692308 -0.35
-0.817307692308 -0.3
-0.769230769231 -0.3
-0.673076923077 -0.35
-0.721153846154 -0.35
-0.721153846154 -0.3
-0.673076923077 -0.3
-0.576923076923 -0.35
-0.625 -0.35
-0.625 -0.3
-0.576923076923 -0.3
-0.480769230769 -0.35
-0.528846153846 -0.35
-0.528846153846 -0.3
-0.480769230769 -0.3
-0.384615384615 -0.35
-0.432692307692 -0.35
-0.432692307692 -0.3
-0.384615384615 -0.3
-0.288461538462 -0.35
-0.336538461538 -0.35
-0.336538461538 -0.3
-0.288461538462 -0.3
-0.192307692308 -0.35
-0.240384615385 -0.35
-0.240384615385 -0.3
-0.192307692308 -0.3
-0.0961538461538 -0.35
-0.144230769231 -0.35
-0.144230769231 -0.3
-0.0961538461538 -0.3
6.24500451352e-17 -0.35
-0.0480769230769 -0.35
-0.0480769230769 -0.3
2.77555756156e-17 -0.3
0.0961538461538 -0.35
0.0480769230769 -0.35
0.0480769230769 -0.3
0.0961538461538 -0.3
0.192307692308 -0.35
0.144230769231 -0.35
0.144230769231 -0.3
0.192307692308 -0.3
0.288461538462 -0.35
0.240384615385 -0.35
0.240384615385 -0.3
0.288461538462 -0.3
0.384615384615 -0.35
0.336538461538 -0.35
0.336538461538 -0.3
0.384615384615 -0.3
0.480769230769 -0.35
0.432692307692 -0.35
0.432692307692 -0.3
0.480769230769 -0.3
0.576923076923 -0.35
0.528846153846 -0.35
0.528846153846 -0.3
0.576923076923 -0.3
0.673076923077 -0.35
0.625 -0.35
0.625 -0.3
0.673076923077 -0.3
0.769230769231 -0.35
0.721153846154 -0.35
0.721153846154 -0.3
0.769230769231 -0.3
0.865384615385 -0.35
0.817307692308 -0.35
0.817307692308 -0.3
0.865384615385 -0.3
0.961538461538 -0.35
0.913461538462 -0.35
0.913461538462 -0.3
0.961538461538 -0.3
1.05769230769 -0.35
1.00961538462 -0.35
1.00961538462 -0.3
1.05769230769 -0.3
1.15384615385 -0.35
1.10576923077 -0.35
1.10576923077 -0.3
1.15384615385 -0.3
1.25 -0.35
1.20192307692 -0.35
1.20192307692 -0.3
1.25 -0.3
1.34615384615 -0.35
1.29807692308 -0.35
1.29807692308 -0.3
1.34615384615 -0.3
1.44230769231 -0.35
1.39423076923 -0.35
1.39423076923 -0.3
1.44230769231 -0.3
1.53846153846 -0.35
1.49038461538 -0.35
1.49038461538 -0.3
1.53846153846 -0.3
1.63461538462 -0.35
1.58653846154 -0.35
1.58653846154 -0.3
1.63461538462 -0.3
1.73076923077 -0.35
1.68269230769 -0.35
1.68269230769 -0.3
1.73076923077 -0.3
1.82692307692 -0.35
1.77884615385 -0.35
1.77884615385 -0.3
1.82692307692 -0.3
1.92307692308 -0.35
1.875 -0.35
1.875 -0.3
1.92307692308 -0.3
2.01923076923 -0.35
1.97115384615 -0.35
1.97115384615 -0.3
2.01923076923 -0.3
2.11538461538 -0.35
2.06730769231 -0.35
2.06730769231 -0.3
2.11538461538 -0.3
2.21153846154 -0.35
2.16346153846 -0.35
2.16346153846 -0.3
2.21153846154 -0.3
2.30769230769 -0.35
2.25961538462 -0.35
2.25961538462 -0.3
2.30769230769 -0.3
2.40384615385 -0.35
2.35576923077 -0.35
2.35576923077 -0.3
2.40384615385 -0.3
2.5 -0.35
2.45192307692 -0.35
2.45192307692 -0.3
2.5 -0.3
2.59615384615 -0.35
2.54807692308 -0.35
2.54807692308 -0.3
2.59615384615 -0.3
2.69230769231 -0.35
2.64423076923 -0.35
2.64423076923 -0.3
2.69230769231 -0.3
2.78846153846 -0.35
2.74038461538 -0.35
2.74038461538 -0.3
2.78846153846 -0.3
2.88461538462 -0.35
2.83653846154 -0.35
2.83653846154 -0.3
2.88461538462 -0.3
2.98076923077 -0.35
2.93269230769 -0.35
2.93269230769 -0.3
2.98076923077 -0.3
3.07692307692 -0.35
3.02884615385 -0.35
3.02884615385 -0.3
3.07692307692 -0.3
3.17307692308 -0.35
3.125 -0.35
3.125 -0.3
3.17307692308 -0.3
3.26923076923 -0.35
3.22115384615 -0.35
3.22115384615 -0.3
3.26923076923 -0.3
3.36538461538 -0.35
3.31730769231 -0.35
3.31730769231 -0.3
3.36538461538 -0.3
3.46153846154 -0.35
3.41346153846 -0.35
3.41346153846 -0.3
3.46153846154 -0.3
3.55769230769 -0.35
3.50961538462 -0.35
3.50961538462 -0.3
3.55769230769 -0.3
3.65384615385 -0.35
3.60576923077 -0.35
3.60576923077 -0.3
3.65384615385 -0.3
3.75 -0.35
3.70192307692 -0.35
3.70192307692 -0.3
3.75 -0.3
3.84615384615 -0.35
3.79807692308 -0.35
3.79807692308 -0.3
3.84615384615 -0.3
3.94230769231 -0.35
3.89423076923 -0.35
3.89423076923 -0.3
3.94230769231 -0.3
4.03846153846 -0.35
3.99038461538 -0.35
3.99038461538 -0.3
4.03846153846 -0.3
4.13461538462 -0.35
4.08653846154 -0.35
4.08653846154 -0.3
4.13461538462 -0.3
4.23076923077 -0.35
4.18269230769 -0.35
4.18269230769 -0.3
4.23076923077 -0.3
4.32692307692 -0.35
4.27884615385 -0.35
4.27884615385 -0.3
4.32692307692 -0.3
4.42307692308 -0.35
4.375 -0.35
4.375 -0.3
4.42307692308 -0.3
4.51923076923 -0.35
4.47115384615 -0.35
4.47115384615 -0.3
4.51923076923 -0.3
4.61538461538 -0.35
4.56730769231 -0.35
4.56730769231 -0.3
4.61538461538 -0.3
4.71153846154 -0.35
4.66346153846 -0.35
4.66346153846 -0.3
4.71153846154 -0.3
4.80769230769 -0.35
4.75961538462 -0.35
4.75961538462 -0.3
4.80769230769 -0.3
4.90384615385 -0.35
4.85576923077 -0.35
4.85576923077 -0.3
4.90384615385 -0.3
5.0 -0.35
4.95192307692 -0.35
4.95192307692 -0.3
5.0 -0.3
-4.90384615385 -0.25
-4.95192307692 -0.25
-5.0 -0.25
-5.0 -0.2
-4.95192307692 -0.2
-4.90384615385 -0.2
-4.80769230769 -0.25
-4.85576923077 -0.25
-4.85576923077 -0.2
-4.80769230769 -0.2
-4.71153846154 -0.25
-4.75961538462 -0.25
-4.75961538462 -0.2
-4.71153846154 -0.2
-4.61538461538 -0.25
-4.66346153846 -0.25
-4.66346153846 -0.2
-4.61538461538 -0.2
-4.51923076923 -0.25
-4.56730769231 -0.25
-4.56730769231 -0.2
-4.51923076923 -0.2
-4.42307692308 -0.25
-4.47115384615 -0.25
-4.47115384615 -0.2
-4.42307692308 -0.2
-4.32692307692 -0.25
-4.375 -0.25
-4.375 -0.2
-4.32692307692 -0.2
-4.23076923077 -0.25
-4.27884615385 -0.25
-4.27884615385 -0.2
-4.23076923077 -0.2
-4.13461538462 -0.25
-4.18269230769 -0.25
-4.18269230769 -0.2
-4.13461538462 -0.2
-4.03846153846 -0.25
-4.08653846154 -0.25
-4.08653846154 -0.2
-4.03846153846 -0.2
-3.94230769231 -0.25
-3.99038461538 -0.25
-3.99038461538 -0.2
-3.94230769231 -0.2
-3.84615384615 -0.25
-3.89423076923 -0.25
-3.89423076923 -0.2
-3.84615384615 -0.2
-3.75 -0.25
-3.79807692308 -0.25
-3.79807692308 -0.2
-3.75 -0.2
-3.65384615385 -0.25
-3.70192307692 -0.25
-3.70192307692 -0.2
-3.65384615385 -0.2
-3.55769230769 -0.25
-3.60576923077 -0.25
-3.60576923077 -0.2
-3.55769230769 -0.2
-3.46153846154 -0.25
-3.50961538462 -0.25
-3.50961538462 -0.2
-3.46153846154 -0.2
-3.36538461538 -0.25
-3.41346153846 -0.25
-3.41346153846 -0.2
-3.36538461538 -0.2
-3.26923076923 -0.25
-3.31730769231 -0.25
-3.31730769231 -0.2
-3.26923076923 -0.2
-3.17307692308 -0.25
-3.22115384615 -0.25
-3.22115384615 -0.2
-3.17307692308 -0.2
-3.07692307692 -0.25
-3.125 -0.25
-3.125 -0.2
-3.07692307692 -0.2
-2.98076923077 -0.25
-3.02884615385 -0.25
-3.02884615385 -0.2
-2.98076923077 -0.2
-2.88461538462 -0.25
-2.93269230769 -0.25
-2.93269230769 -0.2
-2.88461538462 -0.2
-2.78846153846 -0.25
-2.83653846154 -0.25
-2.83653846154 -0.2
-2.78846153846 -0.2
-2.69230769231 -0.25
-2.74038461538 -0.25
-2.74038461538 -0.2
-2.69230769231 -0.2
-2.59615384615 -0.25
-2.64423076923 -0.25
-2.64423076923 -0.2
-2.59615384615 -0.2
-2.5 -0.25
-2.54807692308 -0.25
-2.54807692308 -0.2
-2.5 -0.2
-2.40384615385 -0.25
-2.45192307692 -0.25
-2.45192307692 -0.2
-2.40384615385 -0.2
-2.30769230769 -0.25
-2.35576923077 -0.25
-2.35576923077 -0.2
-2.30769230769 -0.2
-2.21153846154 -0.25
-2.25961538462 -0.25
-2.25961538462 -0.2
-2.21153846154 -0.2
-2.11538461538 -0.25
-2.16346153846 -0.25
-2.16346153846 -0.2
-2.11538461538 -0.2
-2.01923076923 -0.25
-2.06730769231 -0.25
-2.06730769231 -0.2
-2.01923076923 -0.2
-1.92307692308 -0.25
-1.97115384615 -0.25
-1.97115384615 -0.2
-1.92307692308 -0.2
-1.82692307692 -0.25
-1.875 -0.25
-1.875 -0.2
-1.82692307692 -0.2
-1.73076923077 -0.25
-1.77884615385 -0.25
-1.77884615385 -0.2
-1.73076923077 -0.2
-1.63461538462 -0.25
-1.68269230769 -0.25
-1.68269230769 -0.2
-1.63461538462 -0.2
-1.53846153846 -0.25
-1.58653846154 -0.25
-1.58653846154 -0.2
-1.53846153846 -0.2
-1.44230769231 -0.25
-1.49038461538 -0.25
-1.49038461538 -0.2
-1.44230769231 -0.2
-1.34615384615 -0.25
-1.39423076923 -0.25
-1.39423076923 -0.2
-1.34615384615 -0.2
-1.25 -0.25
-1.29807692308 -0.25
-1.29807692308 -0.2
-1.25 -0.2
-1.15384615385 -0.25
-1.20192307692 -0.25
-1.20192307692 -0.2
-1.15384615385 -0.2
-1.05769230769 -0.25
-1.10576923077 -0.25
-1.10576923077 -0.2
-1.05769230769 -0.2
-0.961538461538 -0.25
-1.00961538462 -0.25
-1.00961538462 -0.2
-0.961538461538 -0.2
-0.865384615385 -0.25
-0.913461538462 -0.25
-0.913461538462 -0.2
-0.865384615385 -0.2
-0.769230769231 -0.25
-0.817307692308 -0.25
-0.817307692308 -0.2
-0.769230769231 -0.2
-0.673076923077 -0.25
-0.721153846154 -0.25
-0.721153846154 -0.2
-0.673076923077 -0.2
-0.576923076923 -0.25
-0.625 -0.25
-0.625 -0.2
-0.576923076923 -0.2
-0.480769230769 -0.25
-0.528846153846 -0.25
-0.528846153846 -0.2
-0.480769230769 -0.2
-0.384615384615 -0.25
-0.432692307692 -0.25
-0.432692307692 -0.2
-0.384615384615 -0.2
-0.288461538462 -0.25
-0.336538461538 -0.25
-0.336538461538 -0.2
-0.288461538462 -0.2
-0.192307692308 -0.25
-0.240384615385 -0.25
-0.240384615385 -0.2
-0.192307692308 -0.2
-0.0961538461538 -0.25
-0.144230769231 -0.25
-0.144230769231 -0.2
-0.0961538461538 -0.2
2.08166817117e-17 -0.25
-0.0480769230769 -0.25
-0.0480769230769 -0.2
0.0 -0.2
5.0 0.5
4.95192307692 0.5
4.95192307692 0.45
5.0 0.45
4.90384615385 0.5
4.90384615385 0.45
4.90384615385 0.4
4.95192307692 0.4
5.0 0.4
4.85576923077 0.5
4.85576923077 0.45
4.80769230769 0.5
4.80769230769 0.45
4.80769230769 0.4
4.85576923077 0.4
4.75961538462 0.5
4.75961538462 0.45
4.71153846154 0.5
4.71153846154 0.45
4.71153846154 0.4
4.75961538462 0.4
4.66346153846 0.5
4.66346153846 0.45
4.61538461538 0.5
4.61538461538 0.45
4.61538461538 0.4
4.66346153846 0.4
4.56730769231 0.5
4.56730769231 0.45
4.51923076923 0.5
4.51923076923 0.45
4.51923076923 0.4
4.56730769231 0.4
4.47115384615 0.5
4.47115384615 0.45
4.42307692308 0.5
4.42307692308 0.45
4.42307692308 0.4
4.47115384615 0.4
4.375 0.5
4.375 0.45
4.32692307692 0.5
4.32692307692 0.45
4.32692307692 0.4
4.375 0.4
4.27884615385 0.5
4.27884615385 0.45
4.23076923077 0.5
4.23076923077 0.45
4.23076923077 0.4
4.27884615385 0.4
4.18269230769 0.5
4.18269230769 0.45
4.13461538462 0.5
4.13461538462 0.45
4.13461538462 0.4
4.18269230769 0.4
4.08653846154 0.5
4.08653846154 0.45
4.03846153846 0.5
4.03846153846 0.45
4.03846153846 0.4
4.08653846154 0.4
3.99038461538 0.5
3.99038461538 0.45
3.94230769231 0.5
3.94230769231 0.45
3.94230769231 0.4
3.99038461538 0.4
3.89423076923 0.5
3.89423076923 0.45
3.84615384615 0.5
3.84615384615 0.45
3.84615384615 0.4
3.89423076923 0.4
3.79807692308 0.5
3.79807692308 0.45
3.75 0.5
3.75 0.45
3.75 0.4
3.79807692308 0.4
3.70192307692 0.5
3.70192307692 0.45
3.65384615385 0.5
3.65384615385 0.45
3.65384615385 0.4
3.70192307692 0.4
3.60576923077 0.5
3.60576923077 0.45
3.55769230769 0.5
3.55769230769 0.45
3.55769230769 0.4
3.60576923077 0.4
3.50961538462 0.5
3.50961538462 0.45
3.46153846154 0.5
3.46153846154 0.45
3.46153846154 0.4
3.50961538462 0.4
3.41346153846 0.5
3.41346153846 0.45
3.36538461538 0.5
3.36538461538 0.45
3.36538461538 0.4
3.41346153846 0.4
3.31730769231 0.5
3.31730769231 0.45
3.26923076923 0.5
3.26923076923 0.45
3.26923076923 0.4
3.31730769231 0.4
3.22115384615 0.5
3.22115384615 0.45
3.17307692308 0.5
3.17307692308 0.45
3.17307692308 0.4
3.22115384615 0.4
3.125 0.5
3.125 0.45
3.07692307692 0.5
3.07692307692 0.45
3.07692307692 0.4
3.125 0.4
3.02884615385 0.5
3.02884615385 0.45
2.98076923077 0.5
2.98076923077 0.45
2.98076923077 0.4
3.02884615385 0.4
2.93269230769 0.5
2.93269230769 0.45
2.88461538462 0.5
2.88461538462 0.45
2.88461538462 0.4
2.93269230769 0.4
2.83653846154 0.5
2.83653846154 0.45
2.78846153846 0.5
2.78846153846 0.45
2.78846153846 0.4
2.83653846154 0.4
2.74038461538 0.5
2.74038461538 0.45
2.69230769231 0.5
2.69230769231 0.45
2.69230769231 0.4
2.74038461538 0.4
2.64423076923 0.5
2.64423076923 0.45
2.59615384615 0.5
2.59615384615 0.45
2.59615384615 0.4
2.64423076923 0.4
2.54807692308 0.5
2.54807692308 0.45
2.5 0.5
2.5 0.45
2.5 0.4
2.54807692308 0.4
2.45192307692 0.5
2.45192307692 0.45
2.40384615385 0.5
2.40384615385 0.45
2.40384615385 0.4
2.45192307692 0.4
2.35576923077 0.5
2.35576923077 0.45
2.30769230769 0.5
2.30769230769 0.45
2.30769230769 0.4
2.35576923077 0.4
2.25961538462 0.5
2.25961538462 0.45
2.21153846154 0.5
2.21153846154 0.45
2.21153846154 0.4
2.25961538462 0.4
2.16346153846 0.5
2.16346153846 0.45
2.11538461538 0.5
2.11538461538 0.45
2.11538461538 0.4
2.16346153846 0.4
2.06730769231 0.5
2.06730769231 0.45
2.01923076923 0.5
2.01923076923 0.45
2.01923076923 0.4
2.06730769231 0.4
1.97115384615 0.5
1.97115384615 0.45
1.92307692308 0.5
1.92307692308 0.45
1.92307692308 0.4
1.97115384615 0.4
1.875 0.5
1.875 0.45
1.82692307692 0.5
1.82692307692 0.45
1.82692307692 0.4
1.875 0.4
1.77884615385 0.5
1.77884615385 0.45
1.73076923077 0.5
1.73076923077 0.45
1.73076923077 0.4
1.77884615385 0.4
1.68269230769 0.5
1.68269230769 0.45
1.63461538462 0.5
1.63461538462 0.45
1.63461538462 0.4
1.68269230769 0.4
1.58653846154 0.5
1.58653846154 0.45
1.53846153846 0.5
1.53846153846 0.45
1.53846153846 0.4
1.58653846154 0.4
1.49038461538 0.5
1.49038461538 0.45
1.44230769231 0.5
1.44230769231 0.45
1.44230769231 0.4
1.49038461538 0.4
1.39423076923 0.5
1.39423076923 0.45
1.34615384615 0.5
1.34615384615 0.45
1.34615384615 0.4
1.39423076923 0.4
1.29807692308 0.5
1.29807692308 0.45
1.25 0.5
1.25 0.45
1.25 0.4
1.29807692308 0.4
1.20192307692 0.5
1.20192307692 0.45
1.15384615385 0.5
1.15384615385 0.45
1.15384615385 0.4
1.20192307692 0.4
1.10576923077 0.5
1.10576923077 0.45
1.05769230769 0.5
1.05769230769 0.45
1.05769230769 0.4
1.10576923077 0.4
1.00961538462 0.5
1.00961538462 0.45
0.961538461538 0.5
0.961538461538 0.45
0.961538461538 0.4
1.00961538462 0.4
0.913461538462 0.5
0.913461538462 0.45
0.865384615385 0.5
0.865384615385 0.45
0.865384615385 0.4
0.913461538462 0.4
0.817307692308 0.5
0.817307692308 0.45
0.769230769231 0.5
0.769230769231 0.45
0.769230769231 0.4
0.817307692308 0.4
0.721153846154 0.5
0.721153846154 0.45
0.673076923077 0.5
0.673076923077 0.45
0.673076923077 0.4
0.721153846154 0.4
0.625 0.5
0.625 0.45
0.576923076923 0.5
0.576923076923 0.45
0.576923076923 0.4
0.625 0.4
0.528846153846 0.5
0.528846153846 0.45
0.480769230769 0.5
0.480769230769 0.45
0.480769230769 0.4
0.528846153846 0.4
0.432692307692 0.5
0.432692307692 0.45
0.384615384615 0.5
0.384615384615 0.45
0.384615384615 0.4
0.432692307692 0.4
0.336538461538 0.5
0.336538461538 0.45
0.288461538462 0.5
0.288461538462 0.45
0.288461538462 0.4
0.336538461538 0.4
0.240384615385 0.5
0.240384615385 0.45
0.192307692308 0.5
0.192307692308 0.45
0.192307692308 0.4
0.240384615385 0.4
0.144230769231 0.5
0.144230769231 0.45
0.0961538461538 0.5
0.0961538461538 0.45
0.0961538461538 0.4
0.144230769231 0.4
0.0480769230769 0.5
0.0480769230769 0.45
0.0 0.5
-7.6327832943e-17 0.45
-4.16333634234e-17 0.4
0.0480769230769 0.4
-0.0480769230769 0.5
-0.0480769230769 0.45
-0.0961538461538 0.5
-0.0961538461538 0.45
-0.0961538461538 0.4
-0.0480769230769 0.4
-0.144230769231 0.5
-0.144230769231 0.45
-0.192307692308 0.5
-0.192307692308 0.45
-0.192307692308 0.4
-0.144230769231 0.4
-0.240384615385 0.5
-0.240384615385 0.45
-0.288461538462 0.5
-0.288461538462 0.45
-0.288461538462 0.4
-0.240384615385 0.4
-0.336538461538 0.5
-0.336538461538 0.45
-0.384615384615 0.5
-0.384615384615 0.45
-0.384615384615 0.4
-0.336538461538 0.4
-0.432692307692 0.5
-0.432692307692 0.45
-0.480769230769 0.5
-0.480769230769 0.45
-0.480769230769 0.4
-0.432692307692 0.4
-0.528846153846 0.5
-0.528846153846 0.45
-0.576923076923 0.5
-0.576923076923 0.45
-0.576923076923 0.4
-0.528846153846 0.4
-0.625 0.5
-0.625 0.45
-0.673076923077 0.5
-0.673076923077 0.45
-0.673076923077 0.4
-0.625 0.4
-0.721153846154 0.5
-0.721153846154 0.45
-0.769230769231 0.5
-0.769230769231 0.45
-0.769230769231 0.4
-0.721153846154 0.4
-0.817307692308 0.5
-0.817307692308 0.45
-0.865384615385 0.5
-0.865384615385 0.45
-0.865384615385 0.4
-0.817307692308 0.4
-0.913461538462 0.5
-0.913461538462 0.45
-0.961538461538 0.5
-0.961538461538 0.45
-0.961538461538 0.4
-0.913461538462 0.4
-1.00961538462 0.5
-1.00961538462 0.45
-1.05769230769 0.5
-1.05769230769 0.45
-1.05769230769 0.4
-1.00961538462 0.4
-1.10576923077 0.5
-1.10576923077 0.45
-1.15384615385 0.5
-1.15384615385 0.45
-1.15384615385 0.4
-1.10576923077 0.4
-1.20192307692 0.5
-1.20192307692 0.45
-1.25 0.5
-1.25 0.45
-1.25 0.4
-1.20192307692 0.4
-1.29807692308 0.5
-1.29807692308 0.45
-1.34615384615 0.5
-1.34615384615 0.45
-1.34615384615 0.4
-1.29807692308 0.4
-1.39423076923 0.5
-1.39423076923 0.45
-1.44230769231 0.5
-1.44230769231 0.45
-1.44230769231 0.4
-1.39423076923 0.4
-1.49038461538 0.5
-1.49038461538 0.45
-1.53846153846 0.5
-1.53846153846 0.45
-1.53846153846 0.4
-1.49038461538 0.4
-1.58653846154 0.5
-1.58653846154 0.45
-1.63461538462 0.5
-1.63461538462 0.45
-1.63461538462 0.4
-1.58653846154 0.4
-1.68269230769 0.5
-1.68269230769 0.45
-1.73076923077 0.5
-1.73076923077 0.45
-1.73076923077 0.4
-1.68269230769 0.4
-1.77884615385 0.5
-1.77884615385 0.45
-1.82692307692 0.5
-1.82692307692 0.45
-1.82692307692 0.4
-1.77884615385 0.4
-1.875 0.5
-1.875 0.45
-1.92307692308 0.5
-1.92307692308 0.45
-1.92307692308 0.4
-1.875 0.4
-1.97115384615 0.5
-1.97115384615 0.45
-2.01923076923 0.5
-2.01923076923 0.45
-2.01923076923 0.4
-1.97115384615 0.4
-2.06730769231 0.5
-2.06730769231 0.45
-2.11538461538 0.5
-2.11538461538 0.45
-2.11538461538 0.4
-2.06730769231 0.4
-2.16346153846 0.5
-2.16346153846 0.45
-2.21153846154 0.5
-2.21153846154 0.45
-2.21153846154 0.4
-2.16346153846 0.4
-2.25961538462 0.5
-2.25961538462 0.45
-2.30769230769 0.5
-2.30769230769 0.45
-2.30769230769 0.4
-2.25961538462 0.4
-2.35576923077 0.5
-2.35576923077 0.45
-2.40384615385 0.5
-2.40384615385 0.45
-2.40384615385 0.4
-2.35576923077 0.4
-2.45192307692 0.5
-2.45192307692 0.45
-2.5 0.5
-2.5 0.45
-2.5 0.4
-2.45192307692 0.4
-2.54807692308 0.5
-2.54807692308 0.45
-2.59615384615 0.5
-2.59615384615 0.45
-2.59615384615 0.4
-2.54807692308 0.4
-2.64423076923 0.5
-2.64423076923 0.45
-2.69230769231 0.5
-2.69230769231 0.45
-2.69230769231 0.4
-2.64423076923 0.4
-2.74038461538 0.5
-2.74038461538 0.45
-2.78846153846 0.5
-2.78846153846 0.45
-2.78846153846 0.4
-2.74038461538 0.4
-2.83653846154 0.5
-2.83653846154 0.45
-2.88461538462 0.5
-2.88461538462 0.45
-2.88461538462 0.4
-2.83653846154 0.4
-2.93269230769 0.5
-2.93269230769 0.45
-2.98076923077 0.5
-2.98076923077 0.45
-2.98076923077 0.4
-2.93269230769 0.4
-3.02884615385 0.5
-3.02884615385 0.45
-3.07692307692 0.5
-3.07692307692 0.45
-3.07692307692 0.4
-3.02884615385 0.4
-3.125 0.5
-3.125 0.45
-3.17307692308 0.5
-3.17307692308 0.45
-3.17307692308 0.4
-3.125 0.4
-3.22115384615 0.5
-3.22115384615 0.45
-3.26923076923 0.5
-3.26923076923 0.45
-3.26923076923 0.4
-3.22115384615 0.4
-3.31730769231 0.5
-3.31730769231 0.45
-3.36538461538 0.5
-3.36538461538 0.45
-3.36538461538 0.4
-3.31730769231 0.4
-3.41346153846 0.5
-3.41346153846 0.45
-3.46153846154 0.5
-3.46153846154 0.45
-3.46153846154 0.4
-3.41346153846 0.4
-3.50961538462 0.5
-3.50961538462 0.45
-3.55769230769 0.5
-3.55769230769 0.45
-3.55769230769 0.4
-3.50961538462 0.4
-3.60576923077 0.5
-3.60576923077 0.45
-3.65384615385 0.5
-3.65384615385 0.45
-3.65384615385 0.4
-3.60576923077 0.4
-3.70192307692 0.5
-3.70192307692 0.45
-3.75 0.5
-3.75 0.45
-3.75 0.4
-3.70192307692 0.4
-3.79807692308 0.5
-3.79807692308 0.45
-3.84615384615 0.5
-3.84615384615 0.45
-3.84615384615 0.4
-3.79807692308 0.4
-3.89423076923 0.5
-3.89423076923 0.45
-3.94230769231 0.5
-3.94230769231 0.45
-3.94230769231 0.4
-3.89423076923 0.4
-3.99038461538 0.5
-3.99038461538 0.45
-4.03846153846 0.5
-4.03846153846 0.45
-4.03846153846 0.4
-3.99038461538 0.4
-4.08653846154 0.5
-4.08653846154 0.45
-4.13461538462 0.5
-4.13461538462 0.45
-4.13461538462 0.4
-4.08653846154 0.4
-4.18269230769 0.5
-4.18269230769 0.45
-4.23076923077 0.5
-4.23076923077 0.45
-4.23076923077 0.4
-4.18269230769 0.4
-4.27884615385 0.5
-4.27884615385 0.45
-4.32692307692 0.5
-4.32692307692 0.45
-4.32692307692 0.4
-4.27884615385 0.4
-4.375 0.5
-4.375 0.45
-4.42307692308 0.5
-4.42307692308 0.45
-4.42307692308 0.4
-4.375 0.4
-4.47115384615 0.5
-4.47115384615 0.45
-4.51923076923 0.5
-4.51923076923 0.45
-4.51923076923 0.4
-4.47115384615 0.4
-4.56730769231 0.5
-4.56730769231 0.45
-4.61538461538 0.5
-4.61538461538 0.45
-4.61538461538 0.4
-4.56730769231 0.4
-4.66346153846 0.5
-4.66346153846 0.45
-4.71153846154 0.5
-4.71153846154 0.45
-4.71153846154 0.4
-4.66346153846 0.4
-4.75961538462 0.5
-4.75961538462 0.45
-4.80769230769 0.5
-4.80769230769 0.45
-4.80769230769 0.4
-4.75961538462 0.4
-4.85576923077 0.5
-4.85576923077 0.45
-4.90384615385 0.5
-4.90384615385 0.45
-4.90384615385 0.4
-4.85576923077 0.4
-4.95192307692 0.5
-4.95192307692 0.45
-5.0 0.5
-5.0 0.45
-5.0 0.4
-4.95192307692 0.4
4.95192307692 0.35
5.0 0.35
4.90384615385 0.35
4.90384615385 0.3
4.95192307692 0.3
5.0 0.3
4.85576923077 0.35
4.80769230769 0.35
4.80769230769 0.3
4.85576923077 0.3
4.75961538462 0.35
4.71153846154 0.35
4.71153846154 0.3
4.75961538462 0.3
4.66346153846 0.35
4.61538461538 0.35
4.61538461538 0.3
4.66346153846 0.3
4.56730769231 0.35
4.51923076923 0.35
4.51923076923 0.3
4.56730769231 0.3
4.47115384615 0.35
4.42307692308 0.35
4.42307692308 0.3
4.47115384615 0.3
4.375 0.35
4.32692307692 0.35
4.32692307692 0.3
4.375 0.3
4.27884615385 0.35
4.23076923077 0.35
4.23076923077 0.3
4.27884615385 0.3
4.18269230769 0.35
4.13461538462 0.35
4.13461538462 0.3
4.18269230769 0.3
4.08653846154 0.35
4.03846153846 0.35
4.03846153846 0.3
4.08653846154 0.3
3.99038461538 0.35
3.94230769231 0.35
3.94230769231 0.3
3.99038461538 0.3
3.89423076923 0.35
3.84615384615 0.35
3.84615384615 0.3
3.89423076923 0.3
3.79807692308 0.35
3.75 0.35
3.75 0.3
3.79807692308 0.3
3.70192307692 0.35
3.65384615385 0.35
3.65384615385 0.3
3.70192307692 0.3
3.60576923077 0.35
3.55769230769 0.35
3.55769230769 0.3
3.60576923077 0.3
3.50961538462 0.35
3.46153846154 0.35
3.46153846154 0.3
3.50961538462 0.3
3.41346153846 0.35
3.36538461538 0.35
3.36538461538 0.3
3.41346153846 0.3
3.31730769231 0.35
3.26923076923 0.35
3.26923076923 0.3
3.31730769231 0.3
3.22115384615 0.35
3.17307692308 0.35
3.17307692308 0.3
3.22115384615 0.3
3.125 0.35
3.07692307692 0.35
3.07692307692 0.3
3.125 0.3
3.02884615385 0.35
2.98076923077 0.35
2.98076923077 0.3
3.02884615385 0.3
2.93269230769 0.35
2.88461538462 0.35
2.88461538462 0.3
2.93269230769 0.3
2.83653846154 0.35
2.78846153846 0.35
2.78846153846 0.3
2.83653846154 0.3
2.74038461538 0.35
2.69230769231 0.35
2.69230769231 0.3
2.74038461538 0.3
2.64423076923 0.35
2.59615384615 0.35
2.59615384615 0.3
2.64423076923 0.3
2.54807692308 0.35
2.5 0.35
2.5 0.3
2.54807692308 0.3
2.45192307692 0.35
2.40384615385 0.35
2.40384615385 0.3
2.45192307692 0.3
2.35576923077 0.35
2.30769230769 0.35
2.30769230769 0.3
2.35576923077 0.3
2.25961538462 0.35
2.21153846154 0.35
2.21153846154 0.3
2.25961538462 0.3
2.16346153846 0.35
2.11538461538 0.35
2.11538461538 0.3
2.16346153846 0.3
2.06730769231 0.35
2.01923076923 0.35
2.01923076923 0.3
2.06730769231 0.3
1.97115384615 0.35
1.92307692308 0.35
1.92307692308 0.3
1.97115384615 0.3
1.875 0.35
1.82692307692 0.35
1.82692307692 0.3
1.875 0.3
1.77884615385 0.35
1.73076923077 0.35
1.73076923077 0.3
1.77884615385 0.3
1.68269230769 0.35
1.63461538462 0.35
1.63461538462 0.3
1.68269230769 0.3
1.58653846154 0.35
1.53846153846 0.35
1.53846153846 0.3
1.58653846154 0.3
1.49038461538 0.35
1.44230769231 0.35
1.44230769231 0.3
1.49038461538 0.3
1.39423076923 0.35
1.34615384615 0.35
1.34615384615 0.3
1.39423076923 0.3
1.29807692308 0.35
1.25 0.35
1.25 0.3
1.29807692308 0.3
1.20192307692 0.35
1.15384615385 0.35
1.15384615385 0.3
1.20192307692 0.3
1.10576923077 0.35
1.05769230769 0.35
1.05769230769 0.3
1.10576923077 0.3
1.00961538462 0.35
0.961538461538 0.35
0.961538461538 0.3
1.00961538462 0.3
0.913461538462 0.35
0.865384615385 0.35
0.865384615385 0.3
0.913461538462 0.3
0.817307692308 0.35
0.769230769231 0.35
0.769230769231 0.3
0.817307692308 0.3
0.721153846154 0.35
0.673076923077 0.35
0.673076923077 0.3
0.721153846154 0.3
0.625 0.35
0.576923076923 0.35
0.576923076923 0.3
0.625 0.3
0.528846153846 0.35
0.480769230769 0.35
0.480769230769 0.3
0.528846153846 0.3
0.432692307692 0.35
0.384615384615 0.35
0.384615384615 0.3
0.432692307692 0.3
0.336538461538 0.35
0.288461538462 0.35
0.288461538462 0.3
0.336538461538 0.3
0.240384615385 0.35
0.192307692308 0.35
0.192307692308 0.3
0.240384615385 0.3
0.144230769231 0.35
0.0961538461538 0.35
0.0961538461538 0.3
0.144230769231 0.3
0.0480769230769 0.35
-7.2858385991e-17 0.35
-8.32667268469e-17 0.3
0.0480769230769 0.3
-0.0480769230769 0.35
-0.0961538461538 0.35
-0.0961538461538 0.3
-0.0480769230769 0.3
-0.144230769231 0.35
-0.192307692308 0.35
-0.192307692308 0.3
-0.144230769231 0.3
-0.240384615385 0.35
-0.288461538462 0.35
-0.288461538462 0.3
-0.240384615385 0.3
-0.336538461538 0.35
-0.384615384615 0.35
-0.384615384615 0.3
-0.336538461538 0.3
-0.432692307692 0.35
-0.480769230769 0.35
-0.480769230769 0.3
-0.432692307692 0.3
-0.528846153846 0.35
-0.576923076923 0.35
-0.576923076923 0.3
-0.528846153846 0.3
-0.625 0.35
-0.673076923077 0.35
-0.673076923077 0.3
-0.625 0.3
-0.721153846154 0.35
-0.769230769231 0.35
-0.769230769231 0.3
-0.721153846154 0.3
-0.817307692308 0.35
-0.865384615385 0.35
-0.865384615385 0.3
-0.817307692308 0.3
-0.913461538462 0.35
-0.961538461538 0.35
-0.961538461538 0.3
-0.913461538462 0.3
-1.00961538462 0.35
-1.05769230769 0.35
-1.05769230769 0.3
-1.00961538462 0.3
-1.10576923077 0.35
-1.15384615385 0.35
-1.15384615385 0.3
-1.10576923077 0.3
-1.20192307692 0.35
-1.25 0.35
-1.25 0.3
-1.20192307692 0.3
-1.29807692308 0.35
-1.34615384615 0.35
-1.34615384615 0.3
-1.29807692308 0.3
-1.39423076923 0.35
-1.44230769231 0.35
-1.44230769231 0.3
-1.39423076923 0.3
-1.49038461538 0.35
-1.53846153846 0.35
-1.53846153846 0.3
-1.49038461538 0.3
-1.58653846154 0.35
-1.63461538462 0.35
-1.63461538462 0.3
-1.58653846154 0.3
-1.68269230769 0.35
-1.73076923077 0.35
-1.73076923077 0.3
-1.68269230769 0.3
-1.77884615385 0.35
-1.82692307692 0.35
-1.82692307692 0.3
-1.77884615385 0.3
-1.875 0.35
-1.92307692308 0.35
-1.92307692308 0.3
-1.875 0.3
-1.97115384615 0.35
-2.01923076923 0.35
-2.01923076923 0.3
-1.97115384615 0.3
-2.06730769231 0.35
-2.11538461538 0.35
-2.11538461538 0.3
-2.06730769231 0.3
-2.16346153846 0.35
-2.21153846154 0.35
-2.21153846154 0.3
-2.16346153846 0.3
-2.25961538462 0.35
-2.30769230769 0.35
-2.30769230769 0.3
-2.25961538462 0.3
-2.35576923077 0.35
-2.40384615385 0.35
-2.40384615385 0.3
-2.35576923077 0.3
-2.45192307692 0.35
-2.5 0.35
-2.5 0.3
-2.45192307692 0.3
-2.54807692308 0.35
-2.59615384615 0.35
-2.59615384615 0.3
-2.54807692308 0.3
-2.64423076923 0.35
-2.69230769231 0.35
-2.69230769231 0.3
-2.64423076923 0.3
-2.74038461538 0.35
-2.78846153846 0.35
-2.78846153846 0.3
-2.74038461538 0.3
-2.83653846154 0.35
-2.88461538462 0.35
-2.88461538462 0.3
-2.83653846154 0.3
-2.93269230769 0.35
-2.98076923077 0.35
-2.98076923077 0.3
-2.93269230769 0.3
-3.02884615385 0.35
-3.07692307692 0.35
-3.07692307692 0.3
-3.02884615385 0.3
-3.125 0.35
-3.17307692308 0.35
-3.17307692308 0.3
-3.125 0.3
-3.22115384615 0.35
-3.26923076923 0.35
-3.26923076923 0.3
-3.22115384615 0.3
-3.31730769231 0.35
-3.36538461538 0.35
-3.36538461538 0.3
-3.31730769231 0.3
-3.41346153846 0.35
-3.46153846154 0.35
-3.46153846154 0.3
-3.41346153846 0.3
-3.50961538462 0.35
-3.55769230769 0.35
-3.55769230769 0.3
-3.50961538462 0.3
-3.60576923077 0.35
-3.65384615385 0.35
-3.65384615385 0.3
-3.60576923077 0.3
-3.70192307692 0.35
-3.75 0.35
-3.75 0.3
-3.70192307692 0.3
-3.79807692308 0.35
-3.84615384615 0.35
-3.84615384615 0.3
-3.79807692308 0.3
-3.89423076923 0.35
-3.94230769231 0.35
-3.94230769231 0.3
-3.89423076923 0.3
-3.99038461538 0.35
-4.03846153846 0.35
-4.03846153846 0.3
-3.99038461538 0.3
-4.08653846154 0.35
-4.13461538462 0.35
-4.13461538462 0.3
-4.08653846154 0.3
-4.18269230769 0.35
-4.23076923077 0.35
-4.23076923077 0.3
-4.18269230769 0.3
-4.27884615385 0.35
-4.32692307692 0.35
-4.32692307692 0.3
-4.27884615385 0.3
-4.375 0.35
-4.42307692308 0.35
-4.42307692308 0.3
-4.375 0.3
-4.47115384615 0.35
-4.51923076923 0.35
-4.51923076923 0.3
-4.47115384615 0.3
-4.56730769231 0.35
-4.61538461538 0.35
-4.61538461538 0.3
-4.56730769231 0.3
-4.66346153846 0.35
-4.71153846154 0.35
-4.71153846154 0.3
-4.66346153846 0.3
-4.75961538462 0.35
-4.80769230769 0.35
-4.80769230769 0.3
-4.75961538462 0.3
-4.85576923077 0.35
-4.90384615385 0.35
-4.90384615385 0.3
-4.85576923077 0.3
-4.95192307692 0.35
-5.0 0.35
-5.0 0.3
-4.95192307692 0.3
4.95192307692 0.25
5.0 0.25
4.90384615385 0.25
4.90384615385 0.2
4.95192307692 0.2
5.0 0.2
4.85576923077 0.25
4.80769230769 0.25
4.80769230769 0.2
4.85576923077 0.2
4.75961538462 0.25
4.71153846154 0.25
4.71153846154 0.2
4.75961538462 0.2
4.66346153846 0.25
4.61538461538 0.25
4.61538461538 0.2
4.66346153846 0.2
4.56730769231 0.25
4.51923076923 0.25
4.51923076923 0.2
4.56730769231 0.2
4.47115384615 0.25
4.42307692308 0.25
4.42307692308 0.2
4.47115384615 0.2
4.375 0.25
4.32692307692 0.25
4.32692307692 0.2
4.375 0.2
4.27884615385 0.25
4.23076923077 0.25
4.23076923077 0.2
4.27884615385 0.2
4.18269230769 0.25
4.13461538462 0.25
4.13461538462 0.2
4.18269230769 0.2
4.08653846154 0.25
4.03846153846 0.25
4.03846153846 0.2
4.08653846154 0.2
3.99038461538 0.25
3.94230769231 0.25
3.94230769231 0.2
3.99038461538 0.2
3.89423076923 0.25
3.84615384615 0.25
3.84615384615 0.2
3.89423076923 0.2
3.79807692308 0.25
3.75 0.25
3.75 0.2
3.79807692308 0.2
3.70192307692 0.25
3.65384615385 0.25
3.65384615385 0.2
3.70192307692 0.2
3.60576923077 0.25
3.55769230769 0.25
3.55769230769 0.2
3.60576923077 0.2
3.50961538462 0.25
3.46153846154 0.25
3.46153846154 0.2
3.50961538462 0.2
3.41346153846 0.25
3.36538461538 0.25
3.36538461538 0.2
3.41346153846 0.2
3.31730769231 0.25
3.26923076923 0.25
3.26923076923 0.2
3.31730769231 0.2
3.22115384615 0.25
3.17307692308 0.25
3.17307692308 0.2
3.22115384615 0.2
3.125 0.25
3.07692307692 0.25
3.07692307692 0.2
3.125 0.2
3.02884615385 0.25
2.98076923077 0.25
2.98076923077 0.2
3.02884615385 0.2
2.93269230769 0.25
2.88461538462 0.25
2.88461538462 0.2
2.93269230769 0.2
2.83653846154 0.25
2.78846153846 0.25
2.78846153846 0.2
2.83653846154 0.2
2.74038461538 0.25
2.69230769231 0.25
2.69230769231 0.2
2.74038461538 0.2
2.64423076923 0.25
2.59615384615 0.25
2.59615384615 0.2
2.64423076923 0.2
2.54807692308 0.25
2.5 0.25
2.5 0.2
2.54807692308 0.2
2.45192307692 0.25
2.40384615385 0.25
2.40384615385 0.2
2.45192307692 0.2
2.35576923077 0.25
2.30769230769 0.25
2.30769230769 0.2
2.35576923077 0.2
2.25961538462 0.25
2.21153846154 0.25
2.21153846154 0.2
2.25961538462 0.2
2.16346153846 0.25
2.11538461538 0.25
2.11538461538 0.2
2.16346153846 0.2
2.06730769231 0.25
2.01923076923 0.25
2.01923076923 0.2
2.06730769231 0.2
1.97115384615 0.25
1.92307692308 0.25
1.92307692308 0.2
1.97115384615 0.2
1.875 0.25
1.82692307692 0.25
1.82692307692 0.2
1.875 0.2
1.77884615385 0.25
1.73076923077 0.25
1.73076923077 0.2
1.77884615385 0.2
1.68269230769 0.25
1.63461538462 0.25
1.63461538462 0.2
1.68269230769 0.2
1.58653846154 0.25
1.53846153846 0.25
1.53846153846 0.2
1.58653846154 0.2
1.49038461538 0.25
1.44230769231 0.25
1.44230769231 0.2
1.49038461538 0.2
1.39423076923 0.25
1.34615384615 0.25
1.34615384615 0.2
1.39423076923 0.2
1.29807692308 0.25
1.25 0.25
1.25 0.2
1.29807692308 0.2
1.20192307692 0.25
1.15384615385 0.25
1.15384615385 0.2
1.20192307692 0.2
1.10576923077 0.25
1.05769230769 0.25
1.05769230769 0.2
1.10576923077 0.2
1.00961538462 0.25
0.961538461538 0.25
0.961538461538 0.2
1.00961538462 0.2
0.913461538462 0.25
0.865384615385 0.25
0.865384615385 0.2
0.913461538462 0.2
0.817307692308 0.25
0.769230769231 0.25
0.769230769231 0.2
0.817307692308 0.2
0.721153846154 0.25
0.673076923077 0.25
0.673076923077 0.2
0.721153846154 0.2
0.625 0.25
0.576923076923 0.25
0.576923076923 0.2
0.625 0.2
0.528846153846 0.25
0.480769230769 0.25
0.480769230769 0.2
0.528846153846 0.2
0.432692307692 0.25
0.384615384615 0.25
0.384615384615 0.2
0.432692307692 0.2
0.336538461538 0.25
0.288461538462 0.25
0.288461538462 0.2
0.336538461538 0.2
0.240384615385 0.25
0.192307692308 0.25
0.192307692308 0.2
0.240384615385 0.2
0.144230769231 0.25
0.0961538461538 0.25
0.0961538461538 0.2
0.144230769231 0.2
0.0480769230769 0.25
1.73472347598e-18 0.25
7.6327832943e-17 0.2
0.0480769230769 0.2
-0.0480769230769 0.25
-0.0961538461538 0.25
-0.0961538461538 0.2
-0.0480769230769 0.2
-0.144230769231 0.25
-0.192307692308 0.25
-0.192307692308 0.2
-0.144230769231 0.2
-0.240384615385 0.25
-0.288461538462 0.25
-0.288461538462 0.2
-0.240384615385 0.2
-0.336538461538 0.25
-0.384615384615 0.25
-0.384615384615 0.2
-0.336538461538 0.2
-0.432692307692 0.25
-0.480769230769 0.25
-0.480769230769 0.2
-0.432692307692 0.2
-0.528846153846 0.25
-0.576923076923 0.25
-0.576923076923 0.2
-0.528846153846 0.2
-0.625 0.25
-0.673076923077 0.25
-0.673076923077 0.2
-0.625 0.2
-0.721153846154 0.25
-0.769230769231 0.25
-0.769230769231 0.2
-0.721153846154 0.2
-0.817307692308 0.25
-0.865384615385 0.25
-0.865384615385 0.2
-0.817307692308 0.2
-0.913461538462 0.25
-0.961538461538 0.25
-0.961538461538 0.2
-0.913461538462 0.2
-1.00961538462 0.25
-1.05769230769 0.25
-1.05769230769 0.2
-1.00961538462 0.2
-1.10576923077 0.25
-1.15384615385 0.25
-1.15384615385 0.2
-1.10576923077 0.2
-1.20192307692 0.25
-1.25 0.25
-1.25 0.2
-1.20192307692 0.2
-1.29807692308 0.25
-1.34615384615 0.25
-1.34615384615 0.2
-1.29807692308 0.2
-1.39423076923 0.25
-1.44230769231 0.25
-1.44230769231 0.2
-1.39423076923 0.2
-1.49038461538 0.25
-1.53846153846 0.25
-1.53846153846 0.2
-1.49038461538 0.2
-1.58653846154 0.25
-1.63461538462 0.25
-1.63461538462 0.2
-1.58653846154 0.2
-1.68269230769 0.25
-1.73076923077 0.25
-1.73076923077 0.2
-1.68269230769 0.2
-1.77884615385 0.25
-1.82692307692 0.25
-1.82692307692 0.2
-1.77884615385 0.2
-1.875 0.25
-1.92307692308 0.25
-1.92307692308 0.2
-1.875 0.2
-1.97115384615 0.25
-2.01923076923 0.25
-2.01923076923 0.2
-1.97115384615 0.2
-2.06730769231 0.25
-2.11538461538 0.25
-2.11538461538 0.2
-2.06730769231 0.2
-2.16346153846 0.25
-2.21153846154 0.25
-2.21153846154 0.2
-2.16346153846 0.2
-2.25961538462 0.25
-2.30769230769 0.25
-2.30769230769 0.2
-2.25961538462 0.2
-2.35576923077 0.25
-2.40384615385 0.25
-2.40384615385 0.2
-2.35576923077 0.2
-2.45192307692 0.25
-2.5 0.25
-2.5 0.2
-2.45192307692 0.2
-2.54807692308 0.25
-2.59615384615 0.25
-2.59615384615 0.2
-2.54807692308 0.2
-2.64423076923 0.25
-2.69230769231 0.25
-2.69230769231 0.2
-2.64423076923 0.2
-2.74038461538 0.25
-2.78846153846 0.25
-2.78846153846 0.2
-2.74038461538 0.2
-2.83653846154 0.25
-2.88461538462 0.25
-2.88461538462 0.2
-2.83653846154 0.2
-2.93269230769 0.25
-2.98076923077 0.25
-2.98076923077 0.2
-2.93269230769 0.2
-3.02884615385 0.25
-3.07692307692 0.25
-3.07692307692 0.2
-3.02884615385 0.2
-3.125 0.25
-3.17307692308 0.25
-3.17307692308 0.2
-3.125 0.2
-3.22115384615 0.25
-3.26923076923 0.25
-3.26923076923 0.2
-3.22115384615 0.2
-3.31730769231 0.25
-3.36538461538 0.25
-3.36538461538 0.2
-3.31730769231 0.2
-3.41346153846 0.25
-3.46153846154 0.25
-3.46153846154 0.2
-3.41346153846 0.2
-3.50961538462 0.25
-3.55769230769 0.25
-3.55769230769 0.2
-3.50961538462 0.2
-3.60576923077 0.25
-3.65384615385 0.25
-3.65384615385 0.2
-3.60576923077 0.2
-3.70192307692 0.25
-3.75 0.25
-3.75 0.2
-3.70192307692 0.2
-3.79807692308 0.25
-3.84615384615 0.25
-3.84615384615 0.2
-3.79807692308 0.2
-3.89423076923 0.25
-3.94230769231 0.25
-3.94230769231 0.2
-3.89423076923 0.2
-3.99038461538 0.25
-4.03846153846 0.25
-4.03846153846 0.2
-3.99038461538 0.2
-4.08653846154 0.25
-4.13461538462 0.25
-4.13461538462 0.2
-4.08653846154 0.2
-4.18269230769 0.25
-4.23076923077 0.25
-4.23076923077 0.2
-4.18269230769 0.2
-4.27884615385 0.25
-4.32692307692 0.25
-4.32692307692 0.2
-4.27884615385 0.2
-4.375 0.25
-4.42307692308 0.25
-4.42307692308 0.2
-4.375 0.2
-4.47115384615 0.25
-4.51923076923 0.25
-4.51923076923 0.2
-4.47115384615 0.2
-4.56730769231 0.25
-4.61538461538 0.25
-4.61538461538 0.2
-4.56730769231 0.2
-4.66346153846 0.25
-4.71153846154 0.25
-4.71153846154 0.2
-4.66346153846 0.2
-4.75961538462 0.25
-4.80769230769 0.25
-4.80769230769 0.2
-4.75961538462 0.2
-4.85576923077 0.25
-4.90384615385 0.25
-4.90384615385 0.2
-4.85576923077 0.2
-4.95192307692 0.25
-5.0 0.25
-5.0 0.2
-4.95192307692 0.2
4.95192307692 0.15
5.0 0.15
4.90384615385 0.15
4.90384615385 0.1
4.95192307692 0.1
5.0 0.1
4.85576923077 0.15
4.80769230769 0.15
4.80769230769 0.1
4.85576923077 0.1
4.75961538462 0.15
4.71153846154 0.15
4.71153846154 0.1
4.75961538462 0.1
4.66346153846 0.15
4.61538461538 0.15
4.61538461538 0.1
4.66346153846 0.1
4.56730769231 0.15
4.51923076923 0.15
4.51923076923 0.1
4.56730769231 0.1
4.47115384615 0.15
4.42307692308 0.15
4.42307692308 0.1
4.47115384615 0.1
4.375 0.15
4.32692307692 0.15
4.32692307692 0.1
4.375 0.1
4.27884615385 0.15
4.23076923077 0.15
4.23076923077 0.1
4.27884615385 0.1
4.18269230769 0.15
4.13461538462 0.15
4.13461538462 0.1
4.18269230769 0.1
4.08653846154 0.15
4.03846153846 0.15
4.03846153846 0.1
4.08653846154 0.1
3.99038461538 0.15
3.94230769231 0.15
3.94230769231 0.1
3.99038461538 0.1
3.89423076923 0.15
3.84615384615 0.15
3.84615384615 0.1
3.89423076923 0.1
3.79807692308 0.15
3.75 0.15
3.75 0.1
3.79807692308 0.1
3.70192307692 0.15
3.65384615385 0.15
3.65384615385 0.1
3.70192307692 0.1
3.60576923077 0.15
3.55769230769 0.15
3.55769230769 0.1
3.60576923077 0.1
3.50961538462 0.15
3.46153846154 0.15
3.46153846154 0.1
3.50961538462 0.1
3.41346153846 0.15
3.36538461538 0.15
3.36538461538 0.1
3.41346153846 0.1
3.31730769231 0.15
3.26923076923 0.15
3.26923076923 0.1
3.31730769231 0.1
3.22115384615 0.15
3.17307692308 0.15
3.17307692308 0.1
3.22115384615 0.1
3.125 0.15
3.07692307692 0.15
3.07692307692 0.1
3.125 0.1
3.02884615385 0.15
2.98076923077 0.15
2.98076923077 0.1
3.02884615385 0.1
2.93269230769 0.15
2.88461538462 0.15
2.88461538462 0.1
2.93269230769 0.1
2.83653846154 0.15
2.78846153846 0.15
2.78846153846 0.1
2.83653846154 0.1
2.74038461538 0.15
2.69230769231 0.15
2.69230769231 0.1
2.74038461538 0.1
2.64423076923 0.15
2.59615384615 0.15
2.59615384615 0.1
2.64423076923 0.1
2.54807692308 0.15
2.5 0.15
2.5 0.1
2.54807692308 0.1
2.45192307692 0.15
2.40384615385 0.15
2.40384615385 0.1
2.45192307692 0.1
2.35576923077 0.15
2.30769230769 0.15
2.30769230769 0.1
2.35576923077 0.1
2.25961538462 0.15
2.21153846154 0.15
2.21153846154 0.1
2.25961538462 0.1
2.16346153846 0.15
2.11538461538 0.15
2.11538461538 0.1
2.16346153846 0.1
2.06730769231 0.15
2.01923076923 0.15
2.01923076923 0.1
2.06730769231 0.1
1.97115384615 0.15
1.92307692308 0.15
1.92307692308 0.1
1.97115384615 0.1
1.875 0.15
1.82692307692 0.15
1.82692307692 0.1
1.875 0.1
1.77884615385 0.15
1.73076923077 0.15
1.73076923077 0.1
1.77884615385 0.1
1.68269230769 0.15
1.63461538462 0.15
1.63461538462 0.1
1.68269230769 0.1
1.58653846154 0.15
1.53846153846 0.15
1.53846153846 0.1
1.58653846154 0.1
1.49038461538 0.15
1.44230769231 0.15
1.44230769231 0.1
1.49038461538 0.1
1.39423076923 0.15
1.34615384615 0.15
1.34615384615 0.1
1.39423076923 0.1
1.29807692308 0.15
1.25 0.15
1.25 0.1
1.29807692308 0.1
1.20192307692 0.15
1.15384615385 0.15
1.15384615385 0.1
1.20192307692 0.1
1.10576923077 0.15
1.05769230769 0.15
1.05769230769 0.1
1.10576923077 0.1
1.00961538462 0.15
0.961538461538 0.15
0.961538461538 0.1
1.00961538462 0.1
0.913461538462 0.15
0.865384615385 0.15
0.865384615385 0.1
0.913461538462 0.1
0.817307692308 0.15
0.769230769231 0.15
0.769230769231 0.1
0.817307692308 0.1
0.721153846154 0.15
0.673076923077 0.15
0.673076923077 0.1
0.721153846154 0.1
0.625 0.15
0.576923076923 0.15
0.576923076923 0.1
0.625 0.1
0.528846153846 0.15
0.480769230769 0.15
0.480769230769 0.1
0.528846153846 0.1
0.432692307692 0.15
0.384615384615 0.15
0.384615384615 0.1
0.432692307692 0.1
0.336538461538 0.15
0.288461538462 0.15
0.288461538462 0.1
0.336538461538 0.1
0.240384615385 0.15
0.192307692308 0.15
0.192307692308 0.1
0.240384615385 0.1
0.144230769231 0.15
0.0961538461538 0.15
0.0961538461538 0.1
0.144230769231 0.1
0.0480769230769 0.15
8.15320033709e-17 0.15
5.55111512313e-17 0.1
0.0480769230769 0.1
-0.0480769230769 0.15
-0.0961538461538 0.15
-0.0961538461538 0.1
-0.0480769230769 0.1
-0.144230769231 0.15
-0.192307692308 0.15
-0.192307692308 0.1
-0.144230769231 0.1
-0.240384615385 0.15
-0.288461538462 0.15
-0.288461538462 0.1
-0.240384615385 0.1
-0.336538461538 0.15
-0.384615384615 0.15
-0.384615384615 0.1
-0.336538461538 0.1
-0.432692307692 0.15
-0.480769230769 0.15
-0.480769230769 0.1
-0.432692307692 0.1
-0.528846153846 0.15
-0.576923076923 0.15
-0.576923076923 0.1
-0.528846153846 0.1
-0.625 0.15
-0.673076923077 0.15
-0.673076923077 0.1
-0.625 0.1
-0.721153846154 0.15
-0.769230769231 0.15
-0.769230769231 0.1
-0.721153846154 0.1
-0.817307692308 0.15
-0.865384615385 0.15
-0.865384615385 0.1
-0.817307692308 0.1
-0.913461538462 0.15
-0.961538461538 0.15
-0.961538461538 0.1
-0.913461538462 0.1
-1.00961538462 0.15
-1.05769230769 0.15
-1.05769230769 0.1
-1.00961538462 0.1
-1.10576923077 0.15
-1.15384615385 0.15
-1.15384615385 0.1
-1.10576923077 0.1
-1.20192307692 0.15
-1.25 0.15
-1.25 0.1
-1.20192307692 0.1
-1.29807692308 0.15
-1.34615384615 0.15
-1.34615384615 0.1
-1.29807692308 0.1
-1.39423076923 0.15
-1.44230769231 0.15
-1.44230769231 0.1
-1.39423076923 0.1
-1.49038461538 0.15
-1.53846153846 0.15
-1.53846153846 0.1
-1.49038461538 0.1
-1.58653846154 0.15
-1.63461538462 0.15
-1.63461538462 0.1
-1.58653846154 0.1
-1.68269230769 0.15
-1.73076923077 0.15
-1.73076923077 0.1
-1.68269230769 0.1
-1.77884615385 0.15
-1.82692307692 0.15
-1.82692307692 0.1
-1.77884615385 0.1
-1.875 0.15
-1.92307692308 0.15
-1.92307692308 0.1
-1.875 0.1
-1.97115384615 0.15
-2.01923076923 0.15
-2.01923076923 0.1
-1.97115384615 0.1
-2.06730769231 0.15
-2.11538461538 0.15
-2.11538461538 0.1
-2.06730769231 0.1
-2.16346153846 0.15
-2.21153846154 0.15
-2.21153846154 0.1
-2.16346153846 0.1
-2.25961538462 0.15
-2.30769230769 0.15
-2.30769230769 0.1
-2.25961538462 0.1
-2.35576923077 0.15
-2.40384615385 0.15
-2.40384615385 0.1
-2.35576923077 0.1
-2.45192307692 0.15
-2.5 0.15
-2.5 0.1
-2.45192307692 0.1
-2.54807692308 0.15
-2.59615384615 0.15
-2.59615384615 0.1
-2.54807692308 0.1
-2.64423076923 0.15
-2.69230769231 0.15
-2.69230769231 0.1
-2.64423076923 0.1
-2.74038461538 0.15
-2.78846153846 0.15
-2.78846153846 0.1
-2.74038461538 0.1
-2.83653846154 0.15
-2.88461538462 0.15
-2.88461538462 0.1
-2.83653846154 0.1
-2.93269230769 0.15
-2.98076923077 0.15
-2.98076923077 0.1
-2.93269230769 0.1
-3.02884615385 0.15
-3.07692307692 0.15
-3.07692307692 0.1
-3.02884615385 0.1
-3.125 0.15
-3.17307692308 0.15
-3.17307692308 0.1
-3.125 0.1
-3.22115384615 0.15
-3.26923076923 0.15
-3.26923076923 0.1
-3.22115384615 0.1
-3.31730769231 0.15
-3.36538461538 0.15
-3.36538461538 0.1
-3.31730769231 0.1
-3.41346153846 0.15
-3.46153846154 0.15
-3.46153846154 0.1
-3.41346153846 0.1
-3.50961538462 0.15
-3.55769230769 0.15
-3.55769230769 0.1
-3.50961538462 0.1
-3.60576923077 0.15
-3.65384615385 0.15
-3.65384615385 0.1
-3.60576923077 0.1
-3.70192307692 0.15
-3.75 0.15
-3.75 0.1
-3.70192307692 0.1
-3.79807692308 0.15
-3.84615384615 0.15
-3.84615384615 0.1
-3.79807692308 0.1
-3.89423076923 0.15
-3.94230769231 0.15
-3.94230769231 0.1
-3.89423076923 0.1
-3.99038461538 0.15
-4.03846153846 0.15
-4.03846153846 0.1
-3.99038461538 0.1
-4.08653846154 0.15
-4.13461538462 0.15
-4.13461538462 0.1
-4.08653846154 0.1
-4.18269230769 0.15
-4.23076923077 0.15
-4.23076923077 0.1
-4.18269230769 0.1
-4.27884615385 0.15
-4.32692307692 0.15
-4.32692307692 0.1
-4.27884615385 0.1
-4.375 0.15
-4.42307692308 0.15
-4.42307692308 0.1
-4.375 0.1
-4.47115384615 0.15
-4.51923076923 0.15
-4.51923076923 0.1
-4.47115384615 0.1
-4.56730769231 0.15
-4.61538461538 0.15
-4.61538461538 0.1
-4.56730769231 0.1
-4.66346153846 0.15
-4.71153846154 0.15
-4.71153846154 0.1
-4.66346153846 0.1
-4.75961538462 0.15
-4.80769230769 0.15
-4.80769230769 0.1
-4.75961538462 0.1
-4.85576923077 0.15
-4.90384615385 0.15
-4.90384615385 0.1
-4.85576923077 0.1
-4.95192307692 0.15
-5.0 0.15
-5.0 0.1
-4.95192307692 0.1
4.95192307692 0.05
5.0 0.05
4.90384615385 0.05
4.90384615385 1.38777878078e-17
4.95192307692 1.73472347598e-17
5.0 0.0
4.85576923077 0.05
4.80769230769 0.05
4.80769230769 1.56125112838e-17
4.85576923077 2.08166817117e-17
4.75961538462 0.05
4.71153846154 0.05
4.71153846154 1.73472347598e-17
4.75961538462 2.42861286637e-17
4.66346153846 0.05
4.61538461538 0.05
4.61538461538 1.73472347598e-17
4.66346153846 2.42861286637e-17
4.56730769231 0.05
4.51923076923 0.05
4.51923076923 1.04083408559e-17
4.56730769231 2.08166817117e-17
4.47115384615 0.05
4.42307692308 0.05
4.42307692308 1.21430643318e-17
4.47115384615 1.73472347598e-17
4.375 0.05
4.32692307692 0.05
4.32692307692 1.73472347598e-17
4.375 2.25514051877e-17
4.27884615385 0.05
4.23076923077 0.05
4.23076923077 1.73472347598e-17
4.27884615385 2.42861286637e-17
4.18269230769 0.05
4.13461538462 0.05
4.13461538462 1.73472347598e-17
4.18269230769 2.42861286637e-17
4.08653846154 0.05
4.03846153846 0.05
4.03846153846 8.67361737988e-18
4.08653846154 2.08166817117e-17
3.99038461538 0.05
3.94230769231 0.05
3.94230769231 8.67361737988e-18
3.99038461538 1.21430643318e-17
3.89423076923 0.05
3.84615384615 0.05
3.84615384615 3.46944695195e-18
3.89423076923 8.67361737988e-18
3.79807692308 0.05
3.75 0.05
3.75 1.04083408559e-17
3.79807692308 8.67361737988e-18
3.70192307692 0.05
3.65384615385 0.05
3.65384615385 1.56125112838e-17
3.70192307692 2.08166817117e-17
3.60576923077 0.05
3.55769230769 0.05
3.55769230769 1.21430643318e-17
3.60576923077 2.08166817117e-17
3.50961538462 0.05
3.46153846154 0.05
3.46153846154 1.21430643318e-17
3.50961538462 1.90819582357e-17
3.41346153846 0.05
3.36538461538 0.05
3.36538461538 5.20417042793e-18
3.41346153846 1.21430643318e-17
3.31730769231 0.05
3.26923076923 0.05
3.26923076923 1.21430643318e-17
3.31730769231 1.21430643318e-17
3.22115384615 0.05
3.17307692308 0.05
3.17307692308 3.46944695195e-18
3.22115384615 1.38777878078e-17
3.125 0.05
3.07692307692 0.05
3.07692307692 1.73472347598e-17
3.125 1.56125112838e-17
3.02884615385 0.05
2.98076923077 0.05
2.98076923077 1.73472347598e-17
3.02884615385 2.42861286637e-17
2.93269230769 0.05
2.88461538462 0.05
2.88461538462 6.93889390391e-18
2.93269230769 2.08166817117e-17
2.83653846154 0.05
2.78846153846 0.05
2.78846153846 1.04083408559e-17
2.83653846154 1.56125112838e-17
2.74038461538 0.05
2.69230769231 0.05
2.69230769231 5.20417042793e-18
2.74038461538 1.04083408559e-17
2.64423076923 0.05
2.59615384615 0.05
2.59615384615 6.93889390391e-18
2.64423076923 1.04083408559e-17
2.54807692308 0.05
2.5 0.05
2.5 8.67361737988e-18
2.54807692308 1.04083408559e-17
2.45192307692 0.05
2.40384615385 0.05
2.40384615385 8.67361737988e-18
2.45192307692 1.21430643318e-17
2.35576923077 0.05
2.30769230769 0.05
2.30769230769 1.04083408559e-17
2.35576923077 1.56125112838e-17
2.25961538462 0.05
2.21153846154 0.05
2.21153846154 1.73472347598e-18
2.25961538462 8.67361737988e-18
2.16346153846 0.05
2.11538461538 0.05
2.11538461538 0.0
2.16346153846 1.73472347598e-18
2.06730769231 0.05
2.01923076923 0.05
2.01923076923 3.46944695195e-18
2.06730769231 3.46944695195e-18
1.97115384615 0.05
1.92307692308 0.05
1.92307692308 -1.73472347598e-18
1.97115384615 0.0
1.875 0.05
1.82692307692 0.05
1.82692307692 5.20417042793e-18
1.875 5.20417042793e-18
1.77884615385 0.05
1.73076923077 0.05
1.73076923077 5.20417042793e-18
1.77884615385 6.93889390391e-18
1.68269230769 0.05
1.63461538462 0.05
1.63461538462 5.20417042793e-18
1.68269230769 8.67361737988e-18
1.58653846154 0.05
1.53846153846 0.05
1.53846153846 3.46944695195e-18
1.58653846154 8.67361737988e-18
1.49038461538 0.05
1.44230769231 0.05
1.44230769231 -1.73472347598e-18
1.49038461538 1.73472347598e-18
1.39423076923 0.05
1.34615384615 0.05
1.34615384615 0.0
1.39423076923 -1.73472347598e-18
1.29807692308 0.05
1.25 0.05
1.25 1.73472347598e-18
1.29807692308 1.73472347598e-18
1.20192307692 0.05
1.15384615385 0.05
1.15384615385 1.73472347598e-18
1.20192307692 1.73472347598e-18
1.10576923077 0.05
1.05769230769 0.05
1.05769230769 5.20417042793e-18
1.10576923077 5.20417042793e-18
1.00961538462 0.05
0.961538461538 0.05
0.961538461538 -1.73472347598e-18
1.00961538462 1.73472347598e-18
0.913461538462 0.05
0.865384615385 0.05
0.865384615385 -3.46944695195e-18
0.913461538462 -3.46944695195e-18
0.817307692308 0.05
0.769230769231 0.05
0.769230769231 -1.73472347598e-18
0.817307692308 -1.73472347598e-18
0.721153846154 0.05
0.673076923077 0.05
0.673076923077 3.46944695195e-18
0.721153846154 3.46944695195e-18
0.625 0.05
0.576923076923 0.05
0.576923076923 3.46944695195e-18
0.625 3.46944695195e-18
0.528846153846 0.05
0.480769230769 0.05
0.480769230769 5.20417042793e-18
0.528846153846 6.93889390391e-18
0.432692307692 0.05
0.384615384615 0.05
0.384615384615 1.73472347598e-18
0.432692307692 5.20417042793e-18
0.336538461538 0.05
0.288461538462 0.05
0.288461538462 1.73472347598e-18
0.336538461538 1.73472347598e-18
0.240384615385 0.05
0.192307692308 0.05
0.192307692308 -3.46944695195e-18
0.240384615385 0.0
0.144230769231 0.05
0.0961538461538 0.05
0.0961538461538 -3.46944695195e-18
0.144230769231 -3.46944695195e-18
0.0480769230769 0.05
3.12250225676e-17 0.05
1.38777878078e-17 1.73472347598e-18
0.0480769230769 0.0
-0.0480769230769 0.05
-0.0961538461538 0.05
-0.0961538461538 -5.20417042793e-18
-0.0480769230769 -3.46944695195e-18
-0.144230769231 0.05
-0.192307692308 0.05
-0.192307692308 -5.20417042793e-18
-0.144230769231 -8.67361737988e-18
-0.240384615385 0.05
-0.288461538462 0.05
-0.288461538462 -1.73472347598e-18
-0.240384615385 -5.20417042793e-18
-0.336538461538 0.05
-0.384615384615 0.05
-0.384615384615 -3.46944695195e-18
-0.336538461538 -3.46944695195e-18
-0.432692307692 0.05
-0.480769230769 0.05
-0.480769230769 0.0
-0.432692307692 -3.46944695195e-18
-0.528846153846 0.05
-0.576923076923 0.05
-0.576923076923 0.0
-0.528846153846 0.0
-0.625 0.05
-0.673076923077 0.05
-0.673076923077 3.46944695195e-18
-0.625 3.46944695195e-18
-0.721153846154 0.05
-0.769230769231 0.05
-0.769230769231 3.46944695195e-18
-0.721153846154 3.46944695195e-18
-0.817307692308 0.05
-0.865384615385 0.05
-0.865384615385 0.0
-0.817307692308 1.73472347598e-18
-0.913461538462 0.05
-0.961538461538 0.05
-0.961538461538 0.0
-0.913461538462 0.0
-1.00961538462 0.05
-1.05769230769 0.05
-1.05769230769 -5.20417042793e-18
-1.00961538462 -5.20417042793e-18
-1.10576923077 0.05
-1.15384615385 0.05
-1.15384615385 -5.20417042793e-18
-1.10576923077 -8.67361737988e-18
-1.20192307692 0.05
-1.25 0.05
-1.25 -8.67361737988e-18
-1.20192307692 -1.04083408559e-17
-1.29807692308 0.05
-1.34615384615 0.05
-1.34615384615 -1.04083408559e-17
-1.29807692308 -1.56125112838e-17
-1.39423076923 0.05
-1.44230769231 0.05
-1.44230769231 -1.04083408559e-17
-1.39423076923 -1.73472347598e-17
-1.49038461538 0.05
-1.53846153846 0.05
-1.53846153846 0.0
-1.49038461538 -6.93889390391e-18
-1.58653846154 0.05
-1.63461538462 0.05
-1.63461538462 -1.04083408559e-17
-1.58653846154 -6.93889390391e-18
-1.68269230769 0.05
-1.73076923077 0.05
-1.73076923077 -1.04083408559e-17
-1.68269230769 -1.73472347598e-17
-1.77884615385 0.05
-1.82692307692 0.05
-1.82692307692 -1.04083408559e-17
-1.77884615385 -1.73472347598e-17
-1.875 0.05
-1.92307692308 0.05
-1.92307692308 -6.93889390391e-18
-1.875 -1.38777878078e-17
-1.97115384615 0.05
-2.01923076923 0.05
-2.01923076923 6.93889390391e-18
-1.97115384615 0.0
-2.06730769231 0.05
-2.11538461538 0.05
-2.11538461538 -3.46944695195e-18
-2.06730769231 1.73472347598e-18
-2.16346153846 0.05
-2.21153846154 0.05
-2.21153846154 -3.46944695195e-18
-2.16346153846 -3.46944695195e-18
-2.25961538462 0.05
-2.30769230769 0.05
-2.30769230769 -3.46944695195e-18
-2.25961538462 -3.46944695195e-18
-2.35576923077 0.05
-2.40384615385 0.05
-2.40384615385 -1.38777878078e-17
-2.35576923077 -1.38777878078e-17
-2.45192307692 0.05
-2.5 0.05
-2.5 -1.73472347598e-17
-2.45192307692 -2.25514051877e-17
-2.54807692308 0.05
-2.59615384615 0.05
-2.59615384615 -1.38777878078e-17
-2.54807692308 -2.42861286637e-17
-2.64423076923 0.05
-2.69230769231 0.05
-2.69230769231 -1.38777878078e-17
-2.64423076923 -2.08166817117e-17
-2.74038461538 0.05
-2.78846153846 0.05
-2.78846153846 -1.04083408559e-17
-2.74038461538 -1.90819582357e-17
-2.83653846154 0.05
-2.88461538462 0.05
-2.88461538462 -1.04083408559e-17
-2.83653846154 -1.73472347598e-17
-2.93269230769 0.05
-2.98076923077 0.05
-2.98076923077 -1.38777878078e-17
-2.93269230769 -1.90819582357e-17
-3.02884615385 0.05
-3.07692307692 0.05
-3.07692307692 -1.73472347598e-17
-3.02884615385 -2.42861286637e-17
-3.125 0.05
-3.17307692308 0.05
-3.17307692308 -1.73472347598e-17
-3.125 -2.42861286637e-17
-3.22115384615 0.05
-3.26923076923 0.05
-3.26923076923 -1.38777878078e-17
-3.22115384615 -2.42861286637e-17
-3.31730769231 0.05
-3.36538461538 0.05
-3.36538461538 -1.73472347598e-17
-3.31730769231 -2.25514051877e-17
-3.41346153846 0.05
-3.46153846154 0.05
-3.46153846154 -6.93889390391e-18
-3.41346153846 -1.90819582357e-17
-3.50961538462 0.05
-3.55769230769 0.05
-3.55769230769 -2.08166817117e-17
-3.50961538462 -2.08166817117e-17
-3.60576923077 0.05
-3.65384615385 0.05
-3.65384615385 -1.04083408559e-17
-3.60576923077 -2.42861286637e-17
-3.70192307692 0.05
-3.75 0.05
-3.75 -1.38777878078e-17
-3.70192307692 -1.90819582357e-17
-3.79807692308 0.05
-3.84615384615 0.05
-3.84615384615 -3.46944695195e-18
-3.79807692308 -1.21430643318e-17
-3.89423076923 0.05
-3.94230769231 0.05
-3.94230769231 -1.38777878078e-17
-3.89423076923 -1.21430643318e-17
-3.99038461538 0.05
-4.03846153846 0.05
-4.03846153846 -1.38777878078e-17
-3.99038461538 -2.08166817117e-17
-4.08653846154 0.05
-4.13461538462 0.05
-4.13461538462 -1.73472347598e-17
-4.08653846154 -2.25514051877e-17
-4.18269230769 0.05
-4.23076923077 0.05
-4.23076923077 -1.73472347598e-17
-4.18269230769 -2.42861286637e-17
-4.27884615385 0.05
-4.32692307692 0.05
-4.32692307692 -1.38777878078e-17
-4.27884615385 -2.25514051877e-17
-4.375 0.05
-4.42307692308 0.05
-4.42307692308 -1.38777878078e-17
-4.375 -2.08166817117e-17
-4.47115384615 0.05
-4.51923076923 0.05
-4.51923076923 -1.38777878078e-17
-4.47115384615 -2.08166817117e-17
-4.56730769231 0.05
-4.61538461538 0.05
-4.61538461538 -1.04083408559e-17
-4.56730769231 -1.90819582357e-17
-4.66346153846 0.05
-4.71153846154 0.05
-4.71153846154 -1.38777878078e-17
-4.66346153846 -1.90819582357e-17
-4.75961538462 0.05
-4.80769230769 0.05
-4.80769230769 -1.04083408559e-17
-4.75961538462 -1.90819582357e-17
-4.85576923077 0.05
-4.90384615385 0.05
-4.90384615385 -1.38777878078e-17
-4.85576923077 -1.90819582357e-17
-4.95192307692 0.05
-5.0 0.05
-5.0 0.0
-4.95192307692 -1.73472347598e-17
4.95192307692 -0.05
5.0 -0.05
4.90384615385 -0.05
4.90384615385 -0.1
4.95192307692 -0.1
5.0 -0.1
4.85576923077 -0.05
4.80769230769 -0.05
4.80769230769 -0.1
4.85576923077 -0.1
4.75961538462 -0.05
4.71153846154 -0.05
4.71153846154 -0.1
4.75961538462 -0.1
4.66346153846 -0.05
4.61538461538 -0.05
4.61538461538 -0.1
4.66346153846 -0.1
4.56730769231 -0.05
4.51923076923 -0.05
4.51923076923 -0.1
4.56730769231 -0.1
4.47115384615 -0.05
4.42307692308 -0.05
4.42307692308 -0.1
4.47115384615 -0.1
4.375 -0.05
4.32692307692 -0.05
4.32692307692 -0.1
4.375 -0.1
4.27884615385 -0.05
4.23076923077 -0.05
4.23076923077 -0.1
4.27884615385 -0.1
4.18269230769 -0.05
4.13461538462 -0.05
4.13461538462 -0.1
4.18269230769 -0.1
4.08653846154 -0.05
4.03846153846 -0.05
4.03846153846 -0.1
4.08653846154 -0.1
3.99038461538 -0.05
3.94230769231 -0.05
3.94230769231 -0.1
3.99038461538 -0.1
3.89423076923 -0.05
3.84615384615 -0.05
3.84615384615 -0.1
3.89423076923 -0.1
3.79807692308 -0.05
3.75 -0.05
3.75 -0.1
3.79807692308 -0.1
3.70192307692 -0.05
3.65384615385 -0.05
3.65384615385 -0.1
3.70192307692 -0.1
3.60576923077 -0.05
3.55769230769 -0.05
3.55769230769 -0.1
3.60576923077 -0.1
3.50961538462 -0.05
3.46153846154 -0.05
3.46153846154 -0.1
3.50961538462 -0.1
3.41346153846 -0.05
3.36538461538 -0.05
3.36538461538 -0.1
3.41346153846 -0.1
3.31730769231 -0.05
3.26923076923 -0.05
3.26923076923 -0.1
3.31730769231 -0.1
3.22115384615 -0.05
3.17307692308 -0.05
3.17307692308 -0.1
3.22115384615 -0.1
3.125 -0.05
3.07692307692 -0.05
3.07692307692 -0.1
3.125 -0.1
3.02884615385 -0.05
2.98076923077 -0.05
2.98076923077 -0.1
3.02884615385 -0.1
2.93269230769 -0.05
2.88461538462 -0.05
2.88461538462 -0.1
2.93269230769 -0.1
2.83653846154 -0.05
2.78846153846 -0.05
2.78846153846 -0.1
2.83653846154 -0.1
2.74038461538 -0.05
2.69230769231 -0.05
2.69230769231 -0.1
2.74038461538 -0.1
2.64423076923 -0.05
2.59615384615 -0.05
2.59615384615 -0.1
2.64423076923 -0.1
2.54807692308 -0.05
2.5 -0.05
2.5 -0.1
2.54807692308 -0.1
2.45192307692 -0.05
2.40384615385 -0.05
2.40384615385 -0.1
2.45192307692 -0.1
2.35576923077 -0.05
2.30769230769 -0.05
2.30769230769 -0.1
2.35576923077 -0.1
2.25961538462 -0.05
2.21153846154 -0.05
2.21153846154 -0.1
2.25961538462 -0.1
2.16346153846 -0.05
2.11538461538 -0.05
2.11538461538 -0.1
2.16346153846 -0.1
2.06730769231 -0.05
2.01923076923 -0.05
2.01923076923 -0.1
2.06730769231 -0.1
1.97115384615 -0.05
1.92307692308 -0.05
1.92307692308 -0.1
1.97115384615 -0.1
1.875 -0.05
1.82692307692 -0.05
1.82692307692 -0.1
1.875 -0.1
1.77884615385 -0.05
1.73076923077 -0.05
1.73076923077 -0.1
1.77884615385 -0.1
1.68269230769 -0.05
1.63461538462 -0.05
1.63461538462 -0.1
1.68269230769 -0.1
1.58653846154 -0.05
1.53846153846 -0.05
1.53846153846 -0.1
1.58653846154 -0.1
1.49038461538 -0.05
1.44230769231 -0.05
1.44230769231 -0.1
1.49038461538 -0.1
1.39423076923 -0.05
1.34615384615 -0.05
1.34615384615 -0.1
1.39423076923 -0.1
1.29807692308 -0.05
1.25 -0.05
1.25 -0.1
1.29807692308 -0.1
1.20192307692 -0.05
1.15384615385 -0.05
1.15384615385 -0.1
1.20192307692 -0.1
1.10576923077 -0.05
1.05769230769 -0.05
1.05769230769 -0.1
1.10576923077 -0.1
1.00961538462 -0.05
0.961538461538 -0.05
0.961538461538 -0.1
1.00961538462 -0.1
0.913461538462 -0.05
0.865384615385 -0.05
0.865384615385 -0.1
0.913461538462 -0.1
0.817307692308 -0.05
0.769230769231 -0.05
0.769230769231 -0.1
0.817307692308 -0.1
0.721153846154 -0.05
0.673076923077 -0.05
0.673076923077 -0.1
0.721153846154 -0.1
0.625 -0.05
0.576923076923 -0.05
0.576923076923 -0.1
0.625 -0.1
0.528846153846 -0.05
0.480769230769 -0.05
0.480769230769 -0.1
0.528846153846 -0.1
0.432692307692 -0.05
0.384615384615 -0.05
0.384615384615 -0.1
0.432692307692 -0.1
0.336538461538 -0.05
0.288461538462 -0.05
0.288461538462 -0.1
0.336538461538 -0.1
0.240384615385 -0.05
0.192307692308 -0.05
0.192307692308 -0.1
0.240384615385 -0.1
0.144230769231 -0.05
0.0961538461538 -0.05
0.0961538461538 -0.1
0.144230769231 -0.1
0.0480769230769 -0.05
3.46944695195e-18 -0.05
0.0 -0.1
0.0480769230769 -0.1
-0.0480769230769 -0.05
-0.0961538461538 -0.05
-0.0961538461538 -0.1
-0.0480769230769 -0.1
-0.144230769231 -0.05
-0.192307692308 -0.05
-0.192307692308 -0.1
-0.144230769231 -0.1
-0.240384615385 -0.05
-0.288461538462 -0.05
-0.288461538462 -0.1
-0.240384615385 -0.1
-0.336538461538 -0.05
-0.384615384615 -0.05
-0.384615384615 -0.1
-0.336538461538 -0.1
-0.432692307692 -0.05
-0.480769230769 -0.05
-0.480769230769 -0.1
-0.432692307692 -0.1
-0.528846153846 -0.05
-0.576923076923 -0.05
-0.576923076923 -0.1
-0.528846153846 -0.1
-0.625 -0.05
-0.673076923077 -0.05
-0.673076923077 -0.1
-0.625 -0.1
-0.721153846154 -0.05
-0.769230769231 -0.05
-0.769230769231 -0.1
-0.721153846154 -0.1
-0.817307692308 -0.05
-0.865384615385 -0.05
-0.865384615385 -0.1
-0.817307692308 -0.1
-0.913461538462 -0.05
-0.961538461538 -0.05
-0.961538461538 -0.1
-0.913461538462 -0.1
-1.00961538462 -0.05
-1.05769230769 -0.05
-1.05769230769 -0.1
-1.00961538462 -0.1
-1.10576923077 -0.05
-1.15384615385 -0.05
-1.15384615385 -0.1
-1.10576923077 -0.1
-1.20192307692 -0.05
-1.25 -0.05
-1.25 -0.1
-1.20192307692 -0.1
-1.29807692308 -0.05
-1.34615384615 -0.05
-1.34615384615 -0.1
-1.29807692308 -0.1
-1.39423076923 -0.05
-1.44230769231 -0.05
-1.44230769231 -0.1
-1.39423076923 -0.1
-1.49038461538 -0.05
-1.53846153846 -0.05
-1.53846153846 -0.1
-1.49038461538 -0.1
-1.58653846154 -0.05
-1.63461538462 -0.05
-1.63461538462 -0.1
-1.58653846154 -0.1
-1.68269230769 -0.05
-1.73076923077 -0.05
-1.73076923077 -0.1
-1.68269230769 -0.1
-1.77884615385 -0.05
-1.82692307692 -0.05
-1.82692307692 -0.1
-1.77884615385 -0.1
-1.875 -0.05
-1.92307692308 -0.05
-1.92307692308 -0.1
-1.875 -0.1
-1.97115384615 -0.05
-2.01923076923 -0.05
-2.01923076923 -0.1
-1.97115384615 -0.1
-2.06730769231 -0.05
-2.11538461538 -0.05
-2.11538461538 -0.1
-2.06730769231 -0.1
-2.16346153846 -0.05
-2.21153846154 -0.05
-2.21153846154 -0.1
-2.16346153846 -0.1
-2.25961538462 -0.05
-2.30769230769 -0.05
-2.30769230769 -0.1
-2.25961538462 -0.1
-2.35576923077 -0.05
-2.40384615385 -0.05
-2.40384615385 -0.1
-2.35576923077 -0.1
-2.45192307692 -0.05
-2.5 -0.05
-2.5 -0.1
-2.45192307692 -0.1
-2.54807692308 -0.05
-2.59615384615 -0.05
-2.59615384615 -0.1
-2.54807692308 -0.1
-2.64423076923 -0.05
-2.69230769231 -0.05
-2.69230769231 -0.1
-2.64423076923 -0.1
-2.74038461538 -0.05
-2.78846153846 -0.05
-2.78846153846 -0.1
-2.74038461538 -0.1
-2.83653846154 -0.05
-2.88461538462 -0.05
-2.88461538462 -0.1
-2.83653846154 -0.1
-2.93269230769 -0.05
-2.98076923077 -0.05
-2.98076923077 -0.1
-2.93269230769 -0.1
-3.02884615385 -0.05
-3.07692307692 -0.05
-3.07692307692 -0.1
-3.02884615385 -0.1
-3.125 -0.05
-3.17307692308 -0.05
-3.17307692308 -0.1
-3.125 -0.1
-3.22115384615 -0.05
-3.26923076923 -0.05
-3.26923076923 -0.1
-3.22115384615 -0.1
-3.31730769231 -0.05
-3.36538461538 -0.05
-3.36538461538 -0.1
-3.31730769231 -0.1
-3.41346153846 -0.05
-3.46153846154 -0.05
-3.46153846154 -0.1
-3.41346153846 -0.1
-3.50961538462 -0.05
-3.55769230769 -0.05
-3.55769230769 -0.1
-3.50961538462 -0.1
-3.60576923077 -0.05
-3.65384615385 -0.05
-3.65384615385 -0.1
-3.60576923077 -0.1
-3.70192307692 -0.05
-3.75 -0.05
-3.75 -0.1
-3.70192307692 -0.1
-3.79807692308 -0.05
-3.84615384615 -0.05
-3.84615384615 -0.1
-3.79807692308 -0.1
-3.89423076923 -0.05
-3.94230769231 -0.05
-3.94230769231 -0.1
-3.89423076923 -0.1
-3.99038461538 -0.05
-4.03846153846 -0.05
-4.03846153846 -0.1
-3.99038461538 -0.1
-4.08653846154 -0.05
-4.13461538462 -0.05
-4.13461538462 -0.1
-4.08653846154 -0.1
-4.18269230769 -0.05
-4.23076923077 -0.05
-4.23076923077 -0.1
-4.18269230769 -0.1
-4.27884615385 -0.05
-4.32692307692 -0.05
-4.32692307692 -0.1
-4.27884615385 -0.1
-4.375 -0.05
-4.42307692308 -0.05
-4.42307692308 -0.1
-4.375 -0.1
-4.47115384615 -0.05
-4.51923076923 -0.05
-4.51923076923 -0.1
-4.47115384615 -0.1
-4.56730769231 -0.05
-4.61538461538 -0.05
-4.61538461538 -0.1
-4.56730769231 -0.1
-4.66346153846 -0.05
-4.71153846154 -0.05
-4.71153846154 -0.1
-4.66346153846 -0.1
-4.75961538462 -0.05
-4.80769230769 -0.05
-4.80769230769 -0.1
-4.75961538462 -0.1
-4.85576923077 -0.05
-4.90384615385 -0.05
-4.90384615385 -0.1
-4.85576923077 -0.1
-4.95192307692 -0.05
-5.0 -0.05
-5.0 -0.1
-4.95192307692 -0.1
4.95192307692 -0.15
5.0 -0.15
4.90384615385 -0.15
4.90384615385 -0.2
4.95192307692 -0.2
5.0 -0.2
4.85576923077 -0.15
4.80769230769 -0.15
4.80769230769 -0.2
4.85576923077 -0.2
4.75961538462 -0.15
4.71153846154 -0.15
4.71153846154 -0.2
4.75961538462 -0.2
4.66346153846 -0.15
4.61538461538 -0.15
4.61538461538 -0.2
4.66346153846 -0.2
4.56730769231 -0.15
4.51923076923 -0.15
4.51923076923 -0.2
4.56730769231 -0.2
4.47115384615 -0.15
4.42307692308 -0.15
4.42307692308 -0.2
4.47115384615 -0.2
4.375 -0.15
4.32692307692 -0.15
4.32692307692 -0.2
4.375 -0.2
4.27884615385 -0.15
4.23076923077 -0.15
4.23076923077 -0.2
4.27884615385 -0.2
4.18269230769 -0.15
4.13461538462 -0.15
4.13461538462 -0.2
4.18269230769 -0.2
4.08653846154 -0.15
4.03846153846 -0.15
4.03846153846 -0.2
4.08653846154 -0.2
3.99038461538 -0.15
3.94230769231 -0.15
3.94230769231 -0.2
3.99038461538 -0.2
3.89423076923 -0.15
3.84615384615 -0.15
3.84615384615 -0.2
3.89423076923 -0.2
3.79807692308 -0.15
3.75 -0.15
3.75 -0.2
3.79807692308 -0.2
3.70192307692 -0.15
3.65384615385 -0.15
3.65384615385 -0.2
3.70192307692 -0.2
3.60576923077 -0.15
3.55769230769 -0.15
3.55769230769 -0.2
3.60576923077 -0.2
3.50961538462 -0.15
3.46153846154 -0.15
3.46153846154 -0.2
3.50961538462 -0.2
3.41346153846 -0.15
3.36538461538 -0.15
3.36538461538 -0.2
3.41346153846 -0.2
3.31730769231 -0.15
3.26923076923 -0.15
3.26923076923 -0.2
3.31730769231 -0.2
3.22115384615 -0.15
3.17307692308 -0.15
3.17307692308 -0.2
3.22115384615 -0.2
3.125 -0.15
3.07692307692 -0.15
3.07692307692 -0.2
3.125 -0.2
3.02884615385 -0.15
2.98076923077 -0.15
2.98076923077 -0.2
3.02884615385 -0.2
2.93269230769 -0.15
2.88461538462 -0.15
2.88461538462 -0.2
2.93269230769 -0.2
2.83653846154 -0.15
2.78846153846 -0.15
2.78846153846 -0.2
2.83653846154 -0.2
2.74038461538 -0.15
2.69230769231 -0.15
2.69230769231 -0.2
2.74038461538 -0.2
2.64423076923 -0.15
2.59615384615 -0.15
2.59615384615 -0.2
2.64423076923 -0.2
2.54807692308 -0.15
2.5 -0.15
2.5 -0.2
2.54807692308 -0.2
2.45192307692 -0.15
2.40384615385 -0.15
2.40384615385 -0.2
2.45192307692 -0.2
2.35576923077 -0.15
2.30769230769 -0.15
2.30769230769 -0.2
2.35576923077 -0.2
2.25961538462 -0.15
2.21153846154 -0.15
2.21153846154 -0.2
2.25961538462 -0.2
2.16346153846 -0.15
2.11538461538 -0.15
2.11538461538 -0.2
2.16346153846 -0.2
2.06730769231 -0.15
2.01923076923 -0.15
2.01923076923 -0.2
2.06730769231 -0.2
1.97115384615 -0.15
1.92307692308 -0.15
1.92307692308 -0.2
1.97115384615 -0.2
1.875 -0.15
1.82692307692 -0.15
1.82692307692 -0.2
1.875 -0.2
1.77884615385 -0.15
1.73076923077 -0.15
1.73076923077 -0.2
1.77884615385 -0.2
1.68269230769 -0.15
1.63461538462 -0.15
1.63461538462 -0.2
1.68269230769 -0.2
1.58653846154 -0.15
1.53846153846 -0.15
1.53846153846 -0.2
1.58653846154 -0.2
1.49038461538 -0.15
1.44230769231 -0.15
1.44230769231 -0.2
1.49038461538 -0.2
1.39423076923 -0.15
1.34615384615 -0.15
1.34615384615 -0.2
1.39423076923 -0.2
1.29807692308 -0.15
1.25 -0.15
1.25 -0.2
1.29807692308 -0.2
1.20192307692 -0.15
1.15384615385 -0.15
1.15384615385 -0.2
1.20192307692 -0.2
1.10576923077 -0.15
1.05769230769 -0.15
1.05769230769 -0.2
1.10576923077 -0.2
1.00961538462 -0.15
0.961538461538 -0.15
0.961538461538 -0.2
1.00961538462 -0.2
0.913461538462 -0.15
0.865384615385 -0.15
0.865384615385 -0.2
0.913461538462 -0.2
0.817307692308 -0.15
0.769230769231 -0.15
0.769230769231 -0.2
0.817307692308 -0.2
0.721153846154 -0.15
0.673076923077 -0.15
0.673076923077 -0.2
0.721153846154 -0.2
0.625 -0.15
0.576923076923 -0.15
0.576923076923 -0.2
0.625 -0.2
0.528846153846 -0.15
0.480769230769 -0.15
0.480769230769 -0.2
0.528846153846 -0.2
0.432692307692 -0.15
0.384615384615 -0.15
0.384615384615 -0.2
0.432692307692 -0.2
0.336538461538 -0.15
0.288461538462 -0.15
0.288461538462 -0.2
0.336538461538 -0.2
0.240384615385 -0.15
0.192307692308 -0.15
0.192307692308 -0.2
0.240384615385 -0.2
0.144230769231 -0.15
0.0961538461538 -0.15
0.0961538461538 -0.2
0.144230769231 -0.2
0.0480769230769 -0.15
0.0 -0.15
0.0480769230769 -0.2
-0.0480769230769 -0.15
-0.0961538461538 -0.15
-0.144230769231 -0.15
-0.192307692308 -0.15
-0.240384615385 -0.15
-0.288461538462 -0.15
-0.336538461538 -0.15
-0.384615384615 -0.15
-0.432692307692 -0.15
-0.480769230769 -0.15
-0.528846153846 -0.15
-0.576923076923 -0.15
-0.625 -0.15
-0.673076923077 -0.15
-0.721153846154 -0.15
-0.769230769231 -0.15
-0.817307692308 -0.15
-0.865384615385 -0.15
-0.913461538462 -0.15
-0.961538461538 -0.15
-1.00961538462 -0.15
-1.05769230769 -0.15
-1.10576923077 -0.15
-1.15384615385 -0.15
-1.20192307692 -0.15
-1.25 -0.15
-1.29807692308 -0.15
-1.34615384615 -0.15
-1.39423076923 -0.15
-1.44230769231 -0.15
-1.49038461538 -0.15
-1.53846153846 -0.15
-1.58653846154 -0.15
-1.63461538462 -0.15
-1.68269230769 -0.15
-1.73076923077 -0.15
-1.77884615385 -0.15
-1.82692307692 -0.15
-1.875 -0.15
-1.92307692308 -0.15
-1.97115384615 -0.15
-2.01923076923 -0.15
-2.06730769231 -0.15
-2.11538461538 -0.15
-2.16346153846 -0.15
-2.21153846154 -0.15
-2.25961538462 -0.15
-2.30769230769 -0.15
-2.35576923077 -0.15
-2.40384615385 -0.15
-2.45192307692 -0.15
-2.5 -0.15
-2.54807692308 -0.15
-2.59615384615 -0.15
-2.64423076923 -0.15
-2.69230769231 -0.15
-2.74038461538 -0.15
-2.78846153846 -0.15
-2.83653846154 -0.15
-2.88461538462 -0.15
-2.93269230769 -0.15
-2.98076923077 -0.15
-3.02884615385 -0.15
-3.07692307692 -0.15
-3.125 -0.15
-3.17307692308 -0.15
-3.22115384615 -0.15
-3.26923076923 -0.15
-3.31730769231 -0.15
-3.36538461538 -0.15
-3.41346153846 -0.15
-3.46153846154 -0.15
-3.50961538462 -0.15
-3.55769230769 -0.15
-3.60576923077 -0.15
-3.65384615385 -0.15
-3.70192307692 -0.15
-3.75 -0.15
-3.79807692308 -0.15
-3.84615384615 -0.15
-3.89423076923 -0.15
-3.94230769231 -0.15
-3.99038461538 -0.15
-4.03846153846 -0.15
-4.08653846154 -0.15
-4.13461538462 -0.15
-4.18269230769 -0.15
-4.23076923077 -0.15
-4.27884615385 -0.15
-4.32692307692 -0.15
-4.375 -0.15
-4.42307692308 -0.15
-4.47115384615 -0.15
-4.51923076923 -0.15
-4.56730769231 -0.15
-4.61538461538 -0.15
-4.66346153846 -0.15
-4.71153846154 -0.15
-4.75961538462 -0.15
-4.80769230769 -0.15
-4.85576923077 -0.15
-4.90384615385 -0.15
-4.95192307692 -0.15
-5.0 -0.15
4.95192307692 -0.25
5.0 -0.25
4.90384615385 -0.25
4.85576923077 -0.25
4.80769230769 -0.25
4.75961538462 -0.25
4.71153846154 -0.25
4.66346153846 -0.25
4.61538461538 -0.25
4.56730769231 -0.25
4.51923076923 -0.25
4.47115384615 -0.25
4.42307692308 -0.25
4.375 -0.25
4.32692307692 -0.25
4.27884615385 -0.25
4.23076923077 -0.25
4.18269230769 -0.25
4.13461538462 -0.25
4.08653846154 -0.25
4.03846153846 -0.25
3.99038461538 -0.25
3.94230769231 -0.25
3.89423076923 -0.25
3.84615384615 -0.25
3.79807692308 -0.25
3.75 -0.25
3.70192307692 -0.25
3.65384615385 -0.25
3.60576923077 -0.25
3.55769230769 -0.25
3.50961538462 -0.25
3.46153846154 -0.25
3.41346153846 -0.25
3.36538461538 -0.25
3.31730769231 -0.25
3.26923076923 -0.25
3.22115384615 -0.25
3.17307692308 -0.25
3.125 -0.25
3.07692307692 -0.25
3.02884615385 -0.25
2.98076923077 -0.25
2.93269230769 -0.25
2.88461538462 -0.25
2.83653846154 -0.25
2.78846153846 -0.25
2.74038461538 -0.25
2.69230769231 -0.25
2.64423076923 -0.25
2.59615384615 -0.25
2.54807692308 -0.25
2.5 -0.25
2.45192307692 -0.25
2.40384615385 -0.25
2.35576923077 -0.25
2.30769230769 -0.25
2.25961538462 -0.25
2.21153846154 -0.25
2.16346153846 -0.25
2.11538461538 -0.25
2.06730769231 -0.25
2.01923076923 -0.25
1.97115384615 -0.25
1.92307692308 -0.25
1.875 -0.25
1.82692307692 -0.25
1.77884615385 -0.25
1.73076923077 -0.25
1.68269230769 -0.25
1.63461538462 -0.25
1.58653846154 -0.25
1.53846153846 -0.25
1.49038461538 -0.25
1.44230769231 -0.25
1.39423076923 -0.25
1.34615384615 -0.25
1.29807692308 -0.25
1.25 -0.25
1.20192307692 -0.25
1.15384615385 -0.25
1.10576923077 -0.25
1.05769230769 -0.25
1.00961538462 -0.25
0.961538461538 -0.25
0.913461538462 -0.25
0.865384615385 -0.25
0.817307692308 -0.25
0.769230769231 -0.25
0.721153846154 -0.25
0.673076923077 -0.25
0.625 -0.25
0.576923076923 -0.25
0.528846153846 -0.25
0.480769230769 -0.25
0.432692307692 -0.25
0.384615384615 -0.25
0.336538461538 -0.25
0.288461538462 -0.25
0.240384615385 -0.25
0.192307692308 -0.25
0.144230769231 -0.25
0.0961538461538 -0.25
0.0480769230769 -0.25
