1 2 3 4
5 4 3 6
7 6 3 8
9 8 3 2
10 11 12 13
1 13 12 2
9 2 12 14
15 14 12 11
16 17 18 19
10 19 18 11
15 11 18 20
21 20 18 17
22 23 24 25
16 25 24 17
21 17 24 26
27 26 24 23
28 29 30 31
22 31 30 23
27 23 30 32
33 32 30 29
34 35 36 37
28 37 36 29
33 29 36 38
39 38 36 35
40 41 42 43
34 43 42 35
39 35 42 44
45 44 42 41
46 47 48 49
40 49 48 41
45 41 48 50
51 50 48 47
52 53 54 55
46 55 54 47
51 47 54 56
57 56 54 53
58 59 60 61
52 61 60 53
57 53 60 62
63 62 60 59
64 65 66 67
58 67 66 59
63 59 66 68
69 68 66 65
70 71 72 73
64 73 72 65
69 65 72 74
75 74 72 71
76 77 78 79
70 79 78 71
75 71 78 80
81 80 78 77
82 83 84 85
76 85 84 77
81 77 84 86
87 86 84 83
88 89 90 91
82 91 90 83
87 83 90 92
93 92 90 89
94 95 96 97
88 97 96 89
93 89 96 98
99 98 96 95
100 101 102 103
94 103 102 95
99 95 102 104
105 104 102 101
106 107 108 109
100 109 108 101
105 101 108 110
111 110 108 107
112 113 114 115
106 115 114 107
111 107 114 116
117 116 114 113
118 119 120 121
112 121 120 113
117 113 120 122
123 122 120 119
124 125 126 127
118 127 126 119
123 119 126 128
129 128 126 125
130 131 132 133
124 133 132 125
129 125 132 134
135 134 132 131
136 137 138 139
130 139 138 131
135 131 138 140
141 140 138 137
142 143 144 145
136 145 144 137
141 137 144 146
147 146 144 143
148 149 150 151
142 151 150 143
147 143 150 152
153 152 150 149
154 155 156 157
148 157 156 149
153 149 156 158
159 158 156 155
160 161 162 163
154 163 162 155
159 155 162 164
165 164 162 161
166 167 168 169
160 169 168 161
165 161 168 170
171 170 168 167
172 173 174 175
166 175 174 167
171 167 174 176
177 176 174 173
178 179 180 181
172 181 180 173
177 173 180 182
183 182 180 179
184 185 186 187
178 187 186 179
183 179 186 188
189 188 186 185
190 191 192 193
184 193 192 185
189 185 192 194
195 194 192 191
196 197 198 199
190 199 198 191
195 191 198 200
201 200 198 197
202 203 204 205
196 205 204 197
201 197 204 206
207 206 204 203
208 209 210 211
202 211 210 203
207 203 210 212
213 212 210 209
214 215 216 217
208 217 216 209
213 209 216 218
219 218 216 215
220 221 222 223
214 223 222 215
219 215 222 224
225 224 222 221
226 227 228 229
220 229 228 221
225 221 228 230
231 230 228 227
232 233 234 235
226 235 234 227
231 227 234 236
237 236 234 233
238 239 240 241
232 241 240 233
237 233 240 242
243 242 240 239
244 245 246 247
238 247 246 239
243 239 246 248
249 248 246 245
250 251 252 253
244 253 252 245
249 245 252 254
255 254 252 251
256 257 258 259
250 259 258 251
255 251 258 260
261 260 258 257
262 263 264 265
256 265 264 257
261 257 264 266
267 266 264 263
268 269 270 271
262 271 270 263
267 263 270 272
273 272 270 269
274 275 276 277
268 277 276 269
273 269 276 278
279 278 276 275
280 281 282 283
274 283 282 275
279 275 282 284
285 284 282 281
286 287 288 289
280 289 288 281
285 281 288 290
291 290 288 287
292 293 294 295
286 295 294 287
291 287 294 296
297 296 294 293
298 299 300 301
292 301 300 293
297 293 300 302
303 302 300 299
304 305 306 307
298 307 306 299
303 299 306 308
309 308 306 305
310 311 312 313
304 313 312 305
309 305 312 314
315 314 312 311
316 317 318 319
310 319 318 311
315 311 318 320
321 320 318 317
322 323 324 325
316 325 324 317
321 317 324 326
327 326 324 323
328 329 330 331
322 331 330 323
327 323 330 332
333 332 330 329
334 335 336 337
328 337 336 329
333 329 336 338
339 338 336 335
340 341 342 343
334 343 342 335
339 335 342 344
345 344 342 341
346 347 348 349
340 349 348 341
345 341 348 350
351 350 348 347
352 353 354 355
346 355 354 347
351 347 354 356
357 356 354 353
358 359 360 361
352 361 360 353
357 353 360 362
363 362 360 359
364 365 366 367
358 367 366 359
363 359 366 368
369 368 366 365
370 371 372 373
364 373 372 365
369 365 372 374
375 374 372 371
376 377 378 379
370 379 378 371
375 371 378 380
381 380 378 377
382 383 384 385
376 385 384 377
381 377 384 386
387 386 384 383
388 389 390 391
382 391 390 383
387 383 390 392
393 392 390 389
394 395 396 397
388 397 396 389
393 389 396 398
399 398 396 395
400 401 402 403
394 403 402 395
399 395 402 404
405 404 402 401
406 407 408 409
400 409 408 401
405 401 408 410
411 410 408 407
412 413 414 415
406 415 414 407
411 407 414 416
417 416 414 413
418 419 420 421
412 421 420 413
417 413 420 422
423 422 420 419
424 425 426 427
418 427 426 419
423 419 426 428
429 428 426 425
430 431 432 433
424 433 432 425
429 425 432 434
435 434 432 431
436 437 438 439
430 439 438 431
435 431 438 440
441 440 438 437
442 443 444 445
436 445 444 437
441 437 444 446
447 446 444 443
448 449 450 451
442 451 450 443
447 443 450 452
453 452 450 449
454 455 456 457
448 457 456 449
453 449 456 458
459 458 456 455
460 461 462 463
454 463 462 455
459 455 462 464
465 464 462 461
466 467 468 469
460 469 468 461
465 461 468 470
471 470 468 467
472 473 474 475
466 475 474 467
471 467 474 476
477 476 474 473
478 479 480 481
472 481 480 473
477 473 480 482
483 482 480 479
484 485 486 487
478 487 486 479
483 479 486 488
489 488 486 485
490 491 492 493
484 493 492 485
489 485 492 494
495 494 492 491
496 497 498 499
490 499 498 491
495 491 498 500
501 500 498 497
502 503 504 505
496 505 504 497
501 497 504 506
507 506 504 503
508 509 510 511
502 511 510 503
507 503 510 512
513 512 510 509
514 515 516 517
508 517 516 509
513 509 516 518
519 518 516 515
520 521 522 523
514 523 522 515
519 515 522 524
525 524 522 521
526 527 528 529
520 529 528 521
525 521 528 530
531 530 528 527
532 533 534 535
526 535 534 527
531 527 534 536
537 536 534 533
538 539 540 541
532 541 540 533
537 533 540 542
543 542 540 539
544 545 546 547
538 547 546 539
543 539 546 548
549 548 546 545
550 551 552 553
544 553 552 545
549 545 552 554
555 554 552 551
556 557 558 559
550 559 558 551
555 551 558 560
561 560 558 557
562 563 564 565
556 565 564 557
561 557 564 566
567 566 564 563
568 569 570 571
562 571 570 563
567 563 570 572
573 572 570 569
574 575 576 577
568 577 576 569
573 569 576 578
579 578 576 575
580 581 582 583
574 583 582 575
579 575 582 584
585 584 582 581
586 587 588 589
580 589 588 581
585 581 588 590
591 590 588 587
592 593 594 595
586 595 594 587
591 587 594 596
597 596 594 593
598 599 600 601
592 601 600 593
597 593 600 602
603 602 600 599
604 605 606 607
598 607 606 599
603 599 606 608
609 608 606 605
610 611 612 613
604 613 612 605
609 605 612 614
615 614 612 611
616 617 618 619
610 619 618 611
615 611 618 620
621 620 618 617
622 623 624 625
616 625 624 617
621 617 624 626
627 626 624 623
9 628 629 8
7 8 629 630
631 630 629 632
633 632 629 628
15 634 635 14
9 14 635 628
633 628 635 636
637 636 635 634
21 638 639 20
15 20 639 634
637 634 639 640
641 640 639 638
27 642 643 26
21 26 643 638
641 638 643 644
645 644 643 642
33 646 647 32
27 32 647 642
645 642 647 648
649 648 647 646
39 650 651 38
33 38 651 646
649 646 651 652
653 652 651 650
45 654 655 44
39 44 655 650
653 650 655 656
657 656 655 654
51 658 659 50
45 50 659 654
657 654 659 660
661 660 659 658
57 662 663 56
51 56 663 658
661 658 663 664
665 664 663 662
63 666 667 62
57 62 667 662
665 662 667 668
669 668 667 666
69 670 671 68
63 68 671 666
669 666 671 672
673 672 671 670
75 674 675 74
69 74 675 670
673 670 675 676
677 676 675 674
81 678 679 80
75 80 679 674
677 674 679 680
681 680 679 678
87 682 683 86
81 86 683 678
681 678 683 684
685 684 683 682
93 686 687 92
87 92 687 682
685 682 687 688
689 688 687 686
99 690 691 98
93 98 691 686
689 686 691 692
693 692 691 690
105 694 695 104
99 104 695 690
693 690 695 696
697 696 695 694
111 698 699 110
105 110 699 694
697 694 699 700
701 700 699 698
117 702 703 116
111 116 703 698
701 698 703 704
705 704 703 702
123 706 707 122
117 122 707 702
705 702 707 708
709 708 707 706
129 710 711 128
123 128 711 706
709 706 711 712
713 712 711 710
135 714 715 134
129 134 715 710
713 710 715 716
717 716 715 714
141 718 719 140
135 140 719 714
717 714 719 720
721 720 719 718
147 722 723 146
141 146 723 718
721 718 723 724
725 724 723 722
153 726 727 152
147 152 727 722
725 722 727 728
729 728 727 726
159 730 731 158
153 158 731 726
729 726 731 732
733 732 731 730
165 734 735 164
159 164 735 730
733 730 735 736
737 736 735 734
171 738 739 170
165 170 739 734
737 734 739 740
741 740 739 738
177 742 743 176
171 176 743 738
741 738 743 744
745 744 743 742
183 746 747 182
177 182 747 742
745 742 747 748
749 748 747 746
189 750 751 188
183 188 751 746
749 746 751 752
753 752 751 750
195 754 755 194
189 194 755 750
753 750 755 756
757 756 755 754
201 758 759 200
195 200 759 754
757 754 759 760
761 760 759 758
207 762 763 206
201 206 763 758
761 758 763 764
765 764 763 762
213 766 767 212
207 212 767 762
765 762 767 768
769 768 767 766
219 770 771 218
213 218 771 766
769 766 771 772
773 772 771 770
225 774 775 224
219 224 775 770
773 770 775 776
777 776 775 774
231 778 779 230
225 230 779 774
777 774 779 780
781 780 779 778
237 782 783 236
231 236 783 778
781 778 783 784
785 784 783 782
243 786 787 242
237 242 787 782
785 782 787 788
789 788 787 786
249 790 791 248
243 248 791 786
789 786 791 792
793 792 791 790
255 794 795 254
249 254 795 790
793 790 795 796
797 796 795 794
261 798 799 260
255 260 799 794
797 794 799 800
801 800 799 798
267 802 803 266
261 266 803 798
801 798 803 804
805 804 803 802
273 806 807 272
267 272 807 802
805 802 807 808
809 808 807 806
279 810 811 278
273 278 811 806
809 806 811 812
813 812 811 810
285 814 815 284
279 284 815 810
813 810 815 816
817 816 815 814
291 818 819 290
285 290 819 814
817 814 819 820
821 820 819 818
297 822 823 296
291 296 823 818
821 818 823 824
825 824 823 822
303 826 827 302
297 302 827 822
825 822 827 828
829 828 827 826
309 830 831 308
303 308 831 826
829 826 831 832
833 832 831 830
315 834 835 314
309 314 835 830
833 830 835 836
837 836 835 834
321 838 839 320
315 320 839 834
837 834 839 840
841 840 839 838
327 842 843 326
321 326 843 838
841 838 843 844
845 844 843 842
333 846 847 332
327 332 847 842
845 842 847 848
849 848 847 846
339 850 851 338
333 338 851 846
849 846 851 852
853 852 851 850
345 854 855 344
339 344 855 850
853 850 855 856
857 856 855 854
351 858 859 350
345 350 859 854
857 854 859 860
861 860 859 858
357 862 863 356
351 356 863 858
861 858 863 864
865 864 863 862
363 866 867 362
357 362 867 862
865 862 867 868
869 868 867 866
369 870 871 368
363 368 871 866
869 866 871 872
873 872 871 870
375 874 875 374
369 374 875 870
873 870 875 876
877 876 875 874
381 878 879 380
375 380 879 874
877 874 879 880
881 880 879 878
387 882 883 386
381 386 883 878
881 878 883 884
885 884 883 882
393 886 887 392
387 392 887 882
885 882 887 888
889 888 887 886
399 890 891 398
393 398 891 886
889 886 891 892
893 892 891 890
405 894 895 404
399 404 895 890
893 890 895 896
897 896 895 894
411 898 899 410
405 410 899 894
897 894 899 900
901 900 899 898
417 902 903 416
411 416 903 898
901 898 903 904
905 904 903 902
423 906 907 422
417 422 907 902
905 902 907 908
909 908 907 906
429 910 911 428
423 428 911 906
909 906 911 912
913 912 911 910
435 914 915 434
429 434 915 910
913 910 915 916
917 916 915 914
441 918 919 440
435 440 919 914
917 914 919 920
921 920 919 918
447 922 923 446
441 446 923 918
921 918 923 924
925 924 923 922
453 926 927 452
447 452 927 922
925 922 927 928
929 928 927 926
459 930 931 458
453 458 931 926
929 926 931 932
933 932 931 930
465 934 935 464
459 464 935 930
933 930 935 936
937 936 935 934
471 938 939 470
465 470 939 934
937 934 939 940
941 940 939 938
477 942 943 476
471 476 943 938
941 938 943 944
945 944 943 942
483 946 947 482
477 482 947 942
945 942 947 948
949 948 947 946
489 950 951 488
483 488 951 946
949 946 951 952
953 952 951 950
495 954 955 494
489 494 955 950
953 950 955 956
957 956 955 954
501 958 959 500
495 500 959 954
957 954 959 960
961 960 959 958
507 962 963 506
501 506 963 958
961 958 963 964
965 964 963 962
513 966 967 512
507 512 967 962
965 962 967 968
969 968 967 966
519 970 971 518
513 518 971 966
969 966 971 972
973 972 971 970
525 974 975 524
519 524 975 970
973 970 975 976
977 976 975 974
531 978 979 530
525 530 979 974
977 974 979 980
981 980 979 978
537 982 983 536
531 536 983 978
981 978 983 984
985 984 983 982
543 986 987 542
537 542 987 982
985 982 987 988
989 988 987 986
549 990 991 548
543 548 991 986
989 986 991 992
993 992 991 990
555 994 995 554
549 554 995 990
993 990 995 996
997 996 995 994
561 998 999 560
555 560 999 994
997 994 999 1000
1001 1000 999 998
567 1002 1003 566
561 566 1003 998
1001 998 1003 1004
1005 1004 1003 1002
573 1006 1007 572
567 572 1007 1002
1005 1002 1007 1008
1009 1008 1007 1006
579 1010 1011 578
573 578 1011 1006
1009 1006 1011 1012
1013 1012 1011 1010
585 1014 1015 584
579 584 1015 1010
1013 1010 1015 1016
1017 1016 1015 1014
591 1018 1019 590
585 590 1019 1014
1017 1014 1019 1020
1021 1020 1019 1018
597 1022 1023 596
591 596 1023 1018
1021 1018 1023 1024
1025 1024 1023 1022
603 1026 1027 602
597 602 1027 1022
1025 1022 1027 1028
1029 1028 1027 1026
609 1030 1031 608
603 608 1031 1026
1029 1026 1031 1032
1033 1032 1031 1030
615 1034 1035 614
609 614 1035 1030
1033 1030 1035 1036
1037 1036 1035 1034
621 1038 1039 620
615 620 1039 1034
1037 1034 1039 1040
1041 1040 1039 1038
627 1042 1043 626
621 626 1043 1038
1041 1038 1043 1044
1045 1044 1043 1042
633 1046 1047 632
631 632 1047 1048
1049 1048 1047 1050
1051 1050 1047 1046
637 1052 1053 636
633 636 1053 1046
1051 1046 1053 1054
1055 1054 1053 1052
641 1056 1057 640
637 640 1057 1052
1055 1052 1057 1058
1059 1058 1057 1056
645 1060 1061 644
641 644 1061 1056
1059 1056 1061 1062
1063 1062 1061 1060
649 1064 1065 648
645 648 1065 1060
1063 1060 1065 1066
1067 1066 1065 1064
653 1068 1069 652
649 652 1069 1064
1067 1064 1069 1070
1071 1070 1069 1068
657 1072 1073 656
653 656 1073 1068
1071 1068 1073 1074
1075 1074 1073 1072
661 1076 1077 660
657 660 1077 1072
1075 1072 1077 1078
1079 1078 1077 1076
665 1080 1081 664
661 664 1081 1076
1079 1076 1081 1082
1083 1082 1081 1080
669 1084 1085 668
665 668 1085 1080
1083 1080 1085 1086
1087 1086 1085 1084
673 1088 1089 672
669 672 1089 1084
1087 1084 1089 1090
1091 1090 1089 1088
677 1092 1093 676
673 676 1093 1088
1091 1088 1093 1094
1095 1094 1093 1092
681 1096 1097 680
677 680 1097 1092
1095 1092 1097 1098
1099 1098 1097 1096
685 1100 1101 684
681 684 1101 1096
1099 1096 1101 1102
1103 1102 1101 1100
689 1104 1105 688
685 688 1105 1100
1103 1100 1105 1106
1107 1106 1105 1104
693 1108 1109 692
689 692 1109 1104
1107 1104 1109 1110
1111 1110 1109 1108
697 1112 1113 696
693 696 1113 1108
1111 1108 1113 1114
1115 1114 1113 1112
701 1116 1117 700
697 700 1117 1112
1115 1112 1117 1118
1119 1118 1117 1116
705 1120 1121 704
701 704 1121 1116
1119 1116 1121 1122
1123 1122 1121 1120
709 1124 1125 708
705 708 1125 1120
1123 1120 1125 1126
1127 1126 1125 1124
713 1128 1129 712
709 712 1129 1124
1127 1124 1129 1130
1131 1130 1129 1128
717 1132 1133 716
713 716 1133 1128
1131 1128 1133 1134
1135 1134 1133 1132
721 1136 1137 720
717 720 1137 1132
1135 1132 1137 1138
1139 1138 1137 1136
725 1140 1141 724
721 724 1141 1136
1139 1136 1141 1142
1143 1142 1141 1140
729 1144 1145 728
725 728 1145 1140
1143 1140 1145 1146
1147 1146 1145 1144
733 1148 1149 732
729 732 1149 1144
1147 1144 1149 1150
1151 1150 1149 1148
737 1152 1153 736
733 736 1153 1148
1151 1148 1153 1154
1155 1154 1153 1152
741 1156 1157 740
737 740 1157 1152
1155 1152 1157 1158
1159 1158 1157 1156
745 1160 1161 744
741 744 1161 1156
1159 1156 1161 1162
1163 1162 1161 1160
749 1164 1165 748
745 748 1165 1160
1163 1160 1165 1166
1167 1166 1165 1164
753 1168 1169 752
749 752 1169 1164
1167 1164 1169 1170
1171 1170 1169 1168
757 1172 1173 756
753 756 1173 1168
1171 1168 1173 1174
1175 1174 1173 1172
761 1176 1177 760
757 760 1177 1172
1175 1172 1177 1178
1179 1178 1177 1176
765 1180 1181 764
761 764 1181 1176
1179 1176 1181 1182
1183 1182 1181 1180
769 1184 1185 768
765 768 1185 1180
1183 1180 1185 1186
1187 1186 1185 1184
773 1188 1189 772
769 772 1189 1184
1187 1184 1189 1190
1191 1190 1189 1188
777 1192 1193 776
773 776 1193 1188
1191 1188 1193 1194
1195 1194 1193 1192
781 1196 1197 780
777 780 1197 1192
1195 1192 1197 1198
1199 1198 1197 1196
785 1200 1201 784
781 784 1201 1196
1199 1196 1201 1202
1203 1202 1201 1200
789 1204 1205 788
785 788 1205 1200
1203 1200 1205 1206
1207 1206 1205 1204
793 1208 1209 792
789 792 1209 1204
1207 1204 1209 1210
1211 1210 1209 1208
797 1212 1213 796
793 796 1213 1208
1211 1208 1213 1214
1215 1214 1213 1212
801 1216 1217 800
797 800 1217 1212
1215 1212 1217 1218
1219 1218 1217 1216
805 1220 1221 804
801 804 1221 1216
1219 1216 1221 1222
1223 1222 1221 1220
809 1224 1225 808
805 808 1225 1220
1223 1220 1225 1226
1227 1226 1225 1224
813 1228 1229 812
809 812 1229 1224
1227 1224 1229 1230
1231 1230 1229 1228
817 1232 1233 816
813 816 1233 1228
1231 1228 1233 1234
1235 1234 1233 1232
821 1236 1237 820
817 820 1237 1232
1235 1232 1237 1238
1239 1238 1237 1236
825 1240 1241 824
821 824 1241 1236
1239 1236 1241 1242
1243 1242 1241 1240
829 1244 1245 828
825 828 1245 1240
1243 1240 1245 1246
1247 1246 1245 1244
833 1248 1249 832
829 832 1249 1244
1247 1244 1249 1250
1251 1250 1249 1248
837 1252 1253 836
833 836 1253 1248
1251 1248 1253 1254
1255 1254 1253 1252
1256 1257 1258 1259
1260 1261 1258 1257
1262 1263 1258 1261
1264 1259 1258 1263
1260 1265 1266 1261
1267 1268 1266 1265
1269 1270 1266 1268
1262 1261 1266 1270
1267 1271 1272 1268
1273 1274 1272 1271
1275 1276 1272 1274
1269 1268 1272 1276
1273 1277 1278 1274
1279 1280 1278 1277
1281 1282 1278 1280
1275 1274 1278 1282
1279 1283 1284 1280
1285 1286 1284 1283
1287 1288 1284 1286
1281 1280 1284 1288
1285 1289 1290 1286
1291 1292 1290 1289
1293 1294 1290 1292
1287 1286 1290 1294
1291 1295 1296 1292
1297 1298 1296 1295
1299 1300 1296 1298
1293 1292 1296 1300
1297 1301 1302 1298
1303 1304 1302 1301
1305 1306 1302 1304
1299 1298 1302 1306
1303 1307 1308 1304
1309 1310 1308 1307
1311 1312 1308 1310
1305 1304 1308 1312
1309 1313 1314 1310
1315 1316 1314 1313
1317 1318 1314 1316
1311 1310 1314 1318
1315 1319 1320 1316
1321 1322 1320 1319
1323 1324 1320 1322
1317 1316 1320 1324
1321 1325 1326 1322
1327 1328 1326 1325
1329 1330 1326 1328
1323 1322 1326 1330
1327 1331 1332 1328
1333 1334 1332 1331
1335 1336 1332 1334
1329 1328 1332 1336
1333 1337 1338 1334
1339 1340 1338 1337
1341 1342 1338 1340
1335 1334 1338 1342
1339 1343 1344 1340
1345 1346 1344 1343
1347 1348 1344 1346
1341 1340 1344 1348
1345 1349 1350 1346
1351 1352 1350 1349
1353 1354 1350 1352
1347 1346 1350 1354
1351 1355 1356 1352
1357 1358 1356 1355
1359 1360 1356 1358
1353 1352 1356 1360
1357 1361 1362 1358
1363 1364 1362 1361
1365 1366 1362 1364
1359 1358 1362 1366
1363 1367 1368 1364
1369 1370 1368 1367
1371 1372 1368 1370
1365 1364 1368 1372
1369 1373 1374 1370
1375 1376 1374 1373
1377 1378 1374 1376
1371 1370 1374 1378
1375 1379 1380 1376
1381 1382 1380 1379
1383 1384 1380 1382
1377 1376 1380 1384
1381 1385 1386 1382
1387 1388 1386 1385
1389 1390 1386 1388
1383 1382 1386 1390
1387 1391 1392 1388
1393 1394 1392 1391
1395 1396 1392 1394
1389 1388 1392 1396
1393 1397 1398 1394
1399 1400 1398 1397
1401 1402 1398 1400
1395 1394 1398 1402
1399 1403 1404 1400
1405 1406 1404 1403
1407 1408 1404 1406
1401 1400 1404 1408
1405 1409 1410 1406
1411 1412 1410 1409
1413 1414 1410 1412
1407 1406 1410 1414
1411 1415 1416 1412
1417 1418 1416 1415
1419 1420 1416 1418
1413 1412 1416 1420
1417 1421 1422 1418
1423 1424 1422 1421
1425 1426 1422 1424
1419 1418 1422 1426
1423 1427 1428 1424
1429 1430 1428 1427
1431 1432 1428 1430
1425 1424 1428 1432
1429 1433 1434 1430
1435 1436 1434 1433
1437 1438 1434 1436
1431 1430 1434 1438
1435 1439 1440 1436
1441 1442 1440 1439
1443 1444 1440 1442
1437 1436 1440 1444
1441 1445 1446 1442
1447 1448 1446 1445
1449 1450 1446 1448
1443 1442 1446 1450
1447 1451 1452 1448
1453 1454 1452 1451
1455 1456 1452 1454
1449 1448 1452 1456
1453 1457 1458 1454
1459 1460 1458 1457
1461 1462 1458 1460
1455 1454 1458 1462
1459 1463 1464 1460
1465 1466 1464 1463
1467 1468 1464 1466
1461 1460 1464 1468
1465 1469 1470 1466
1471 1472 1470 1469
1473 1474 1470 1472
1467 1466 1470 1474
1471 1475 1476 1472
1477 1478 1476 1475
1479 1480 1476 1478
1473 1472 1476 1480
1477 1481 1482 1478
1483 1484 1482 1481
1485 1486 1482 1484
1479 1478 1482 1486
1483 1487 1488 1484
1489 1490 1488 1487
1491 1492 1488 1490
1485 1484 1488 1492
1489 1493 1494 1490
1495 1496 1494 1493
1497 1498 1494 1496
1491 1490 1494 1498
1495 1499 1500 1496
1501 1502 1500 1499
1503 1504 1500 1502
1497 1496 1500 1504
1501 1505 1506 1502
1507 1508 1506 1505
1509 1510 1506 1508
1503 1502 1506 1510
1507 1511 1512 1508
1513 1514 1512 1511
1515 1516 1512 1514
1509 1508 1512 1516
1513 1517 1518 1514
1519 1520 1518 1517
1521 1522 1518 1520
1515 1514 1518 1522
1519 1523 1524 1520
1525 1526 1524 1523
1527 1528 1524 1526
1521 1520 1524 1528
1525 1529 1530 1526
1531 1532 1530 1529
1533 1534 1530 1532
1527 1526 1530 1534
1531 1535 1536 1532
1537 1538 1536 1535
1539 1540 1536 1538
1533 1532 1536 1540
1537 1541 1542 1538
1543 1544 1542 1541
1545 1546 1542 1544
1539 1538 1542 1546
1543 1547 1548 1544
1549 1550 1548 1547
1551 1552 1548 1550
1545 1544 1548 1552
1549 1553 1554 1550
1555 1556 1554 1553
1557 1558 1554 1556
1551 1550 1554 1558
1555 1559 1560 1556
1561 1562 1560 1559
1563 1564 1560 1562
1557 1556 1560 1564
1561 1565 1566 1562
1567 1568 1566 1565
1569 1570 1566 1568
1563 1562 1566 1570
1567 1571 1572 1568
1573 1574 1572 1571
1575 1576 1572 1574
1569 1568 1572 1576
1573 1577 1578 1574
1579 1580 1578 1577
1581 1582 1578 1580
1575 1574 1578 1582
1579 1583 1584 1580
1585 1586 1584 1583
1587 1588 1584 1586
1581 1580 1584 1588
1585 1589 1590 1586
1591 1592 1590 1589
1593 1594 1590 1592
1587 1586 1590 1594
1591 1595 1596 1592
1597 1598 1596 1595
1599 1600 1596 1598
1593 1592 1596 1600
1597 1601 1602 1598
1603 1604 1602 1601
1605 1606 1602 1604
1599 1598 1602 1606
1603 1607 1608 1604
1609 1610 1608 1607
1611 1612 1608 1610
1605 1604 1608 1612
1609 1613 1614 1610
1615 1616 1614 1613
1617 1618 1614 1616
1611 1610 1614 1618
1615 1619 1620 1616
1621 1622 1620 1619
1623 1624 1620 1622
1617 1616 1620 1624
1621 1625 1626 1622
1627 1628 1626 1625
1629 1630 1626 1628
1623 1622 1626 1630
1627 1631 1632 1628
1633 1634 1632 1631
1635 1636 1632 1634
1629 1628 1632 1636
1633 1637 1638 1634
1639 1640 1638 1637
1641 1642 1638 1640
1635 1634 1638 1642
1639 1643 1644 1640
1645 1646 1644 1643
1647 1648 1644 1646
1641 1640 1644 1648
1645 1649 1650 1646
1651 1652 1650 1649
1653 1654 1650 1652
1647 1646 1650 1654
1651 1655 1656 1652
1657 1658 1656 1655
1659 1660 1656 1658
1653 1652 1656 1660
1657 1661 1662 1658
1663 1664 1662 1661
1665 1666 1662 1664
1659 1658 1662 1666
1663 1667 1668 1664
1669 1670 1668 1667
1671 1672 1668 1670
1665 1664 1668 1672
1669 1673 1674 1670
1675 1676 1674 1673
1677 1678 1674 1676
1671 1670 1674 1678
1675 1679 1680 1676
1681 1682 1680 1679
1683 1684 1680 1682
1677 1676 1680 1684
1681 1685 1686 1682
1687 1688 1686 1685
1689 1690 1686 1688
1683 1682 1686 1690
1687 1691 1692 1688
1693 1694 1692 1691
1695 1696 1692 1694
1689 1688 1692 1696
1693 1697 1698 1694
1699 1700 1698 1697
1701 1702 1698 1700
1695 1694 1698 1702
1699 1703 1704 1700
1705 1706 1704 1703
1707 1708 1704 1706
1701 1700 1704 1708
1705 1709 1710 1706
1711 1712 1710 1709
1713 1714 1710 1712
1707 1706 1710 1714
1711 1715 1716 1712
1717 1718 1716 1715
1719 1720 1716 1718
1713 1712 1716 1720
1717 1721 1722 1718
1723 1724 1722 1721
1725 1726 1722 1724
1719 1718 1722 1726
1723 1727 1728 1724
1729 1730 1728 1727
1731 1732 1728 1730
1725 1724 1728 1732
1729 1733 1734 1730
1735 1736 1734 1733
1737 1738 1734 1736
1731 1730 1734 1738
1735 1739 1740 1736
1741 1742 1740 1739
1743 1744 1740 1742
1737 1736 1740 1744
1741 1745 1746 1742
1747 1748 1746 1745
1749 1750 1746 1748
1743 1742 1746 1750
1747 1751 1752 1748
1753 1754 1752 1751
1755 1756 1752 1754
1749 1748 1752 1756
1753 1757 1758 1754
1759 1760 1758 1757
1761 1762 1758 1760
1755 1754 1758 1762
1759 1763 1764 1760
1765 1766 1764 1763
1767 1768 1764 1766
1761 1760 1764 1768
1765 1769 1770 1766
1771 1772 1770 1769
1773 1774 1770 1772
1767 1766 1770 1774
1771 1775 1776 1772
1777 1778 1776 1775
1779 1780 1776 1778
1773 1772 1776 1780
1777 1781 1782 1778
1783 1784 1782 1781
1785 1786 1782 1784
1779 1778 1782 1786
1783 1787 1788 1784
1789 1790 1788 1787
1791 1792 1788 1790
1785 1784 1788 1792
1789 1793 1794 1790
1795 1796 1794 1793
1797 1798 1794 1796
1791 1790 1794 1798
1795 1799 1800 1796
1801 1802 1800 1799
1803 1804 1800 1802
1797 1796 1800 1804
1801 1805 1806 1802
1807 1808 1806 1805
1809 1810 1806 1808
1803 1802 1806 1810
1807 1811 1812 1808
1813 1814 1812 1811
1815 1816 1812 1814
1809 1808 1812 1816
1813 1817 1818 1814
1819 1820 1818 1817
1821 1822 1818 1820
1815 1814 1818 1822
1819 1823 1824 1820
1825 1826 1824 1823
1827 1828 1824 1826
1821 1820 1824 1828
1825 1829 1830 1826
1831 1832 1830 1829
1833 1834 1830 1832
1827 1826 1830 1834
1831 1835 1836 1832
1837 1838 1836 1835
1839 1840 1836 1838
1833 1832 1836 1840
1837 1841 1842 1838
1843 1844 1842 1841
1845 1846 1842 1844
1839 1838 1842 1846
1843 1847 1848 1844
1849 1850 1848 1847
1851 1852 1848 1850
1845 1844 1848 1852
1849 1853 1854 1850
1855 1856 1854 1853
1857 1858 1854 1856
1851 1850 1854 1858
1855 1859 1860 1856
1861 1862 1860 1859
1863 1864 1860 1862
1857 1856 1860 1864
1861 1865 1866 1862
1867 1868 1866 1865
1869 1870 1866 1868
1863 1862 1866 1870
1867 1871 1872 1868
1873 1874 1872 1871
1875 1876 1872 1874
1869 1868 1872 1876
1873 1877 1878 1874
1879 1880 1878 1877
1881 1882 1878 1880
1875 1874 1878 1882
1264 1263 1883 1884
1262 1885 1883 1263
1886 1887 1883 1885
1888 1884 1883 1887
1262 1270 1889 1885
1269 1890 1889 1270
1891 1892 1889 1890
1886 1885 1889 1892
1269 1276 1893 1890
1275 1894 1893 1276
1895 1896 1893 1894
1891 1890 1893 1896
1275 1282 1897 1894
1281 1898 1897 1282
1899 1900 1897 1898
1895 1894 1897 1900
1281 1288 1901 1898
1287 1902 1901 1288
1903 1904 1901 1902
1899 1898 1901 1904
1287 1294 1905 1902
1293 1906 1905 1294
1907 1908 1905 1906
1903 1902 1905 1908
1293 1300 1909 1906
1299 1910 1909 1300
1911 1912 1909 1910
1907 1906 1909 1912
1299 1306 1913 1910
1305 1914 1913 1306
1915 1916 1913 1914
1911 1910 1913 1916
1305 1312 1917 1914
1311 1918 1917 1312
1919 1920 1917 1918
1915 1914 1917 1920
1311 1318 1921 1918
1317 1922 1921 1318
1923 1924 1921 1922
1919 1918 1921 1924
1317 1324 1925 1922
1323 1926 1925 1324
1927 1928 1925 1926
1923 1922 1925 1928
1323 1330 1929 1926
1329 1930 1929 1330
1931 1932 1929 1930
1927 1926 1929 1932
1329 1336 1933 1930
1335 1934 1933 1336
1935 1936 1933 1934
1931 1930 1933 1936
1335 1342 1937 1934
1341 1938 1937 1342
1939 1940 1937 1938
1935 1934 1937 1940
1341 1348 1941 1938
1347 1942 1941 1348
1943 1944 1941 1942
1939 1938 1941 1944
1347 1354 1945 1942
1353 1946 1945 1354
1947 1948 1945 1946
1943 1942 1945 1948
1353 1360 1949 1946
1359 1950 1949 1360
1951 1952 1949 1950
1947 1946 1949 1952
1359 1366 1953 1950
1365 1954 1953 1366
1955 1956 1953 1954
1951 1950 1953 1956
1365 1372 1957 1954
1371 1958 1957 1372
1959 1960 1957 1958
1955 1954 1957 1960
1371 1378 1961 1958
1377 1962 1961 1378
1963 1964 1961 1962
1959 1958 1961 1964
1377 1384 1965 1962
1383 1966 1965 1384
1967 1968 1965 1966
1963 1962 1965 1968
1383 1390 1969 1966
1389 1970 1969 1390
1971 1972 1969 1970
1967 1966 1969 1972
1389 1396 1973 1970
1395 1974 1973 1396
1975 1976 1973 1974
1971 1970 1973 1976
1395 1402 1977 1974
1401 1978 1977 1402
1979 1980 1977 1978
1975 1974 1977 1980
1401 1408 1981 1978
1407 1982 1981 1408
1983 1984 1981 1982
1979 1978 1981 1984
1407 1414 1985 1982
1413 1986 1985 1414
1987 1988 1985 1986
1983 1982 1985 1988
1413 1420 1989 1986
1419 1990 1989 1420
1991 1992 1989 1990
1987 1986 1989 1992
1419 1426 1993 1990
1425 1994 1993 1426
1995 1996 1993 1994
1991 1990 1993 1996
1425 1432 1997 1994
1431 1998 1997 1432
1999 2000 1997 1998
1995 1994 1997 2000
1431 1438 2001 1998
1437 2002 2001 1438
2003 2004 2001 2002
1999 1998 2001 2004
1437 1444 2005 2002
1443 2006 2005 1444
2007 2008 2005 2006
2003 2002 2005 2008
1443 1450 2009 2006
1449 2010 2009 1450
2011 2012 2009 2010
2007 2006 2009 2012
1449 1456 2013 2010
1455 2014 2013 1456
2015 2016 2013 2014
2011 2010 2013 2016
1455 1462 2017 2014
1461 2018 2017 1462
2019 2020 2017 2018
2015 2014 2017 2020
1461 1468 2021 2018
1467 2022 2021 1468
2023 2024 2021 2022
2019 2018 2021 2024
1467 1474 2025 2022
1473 2026 2025 1474
2027 2028 2025 2026
2023 2022 2025 2028
1473 1480 2029 2026
1479 2030 2029 1480
2031 2032 2029 2030
2027 2026 2029 2032
1479 1486 2033 2030
1485 2034 2033 1486
2035 2036 2033 2034
2031 2030 2033 2036
1485 1492 2037 2034
1491 2038 2037 1492
2039 2040 2037 2038
2035 2034 2037 2040
1491 1498 2041 2038
1497 2042 2041 1498
2043 2044 2041 2042
2039 2038 2041 2044
1497 1504 2045 2042
1503 2046 2045 1504
2047 2048 2045 2046
2043 2042 2045 2048
1503 1510 2049 2046
1509 2050 2049 1510
2051 2052 2049 2050
2047 2046 2049 2052
1509 1516 2053 2050
1515 2054 2053 1516
2055 2056 2053 2054
2051 2050 2053 2056
1515 1522 2057 2054
1521 2058 2057 1522
2059 2060 2057 2058
2055 2054 2057 2060
1521 1528 2061 2058
1527 2062 2061 1528
2063 2064 2061 2062
2059 2058 2061 2064
1527 1534 2065 2062
1533 2066 2065 1534
2067 2068 2065 2066
2063 2062 2065 2068
1533 1540 2069 2066
1539 2070 2069 1540
2071 2072 2069 2070
2067 2066 2069 2072
1539 1546 2073 2070
1545 2074 2073 1546
2075 2076 2073 2074
2071 2070 2073 2076
1545 1552 2077 2074
1551 2078 2077 1552
2079 2080 2077 2078
2075 2074 2077 2080
1551 1558 2081 2078
1557 2082 2081 1558
2083 2084 2081 2082
2079 2078 2081 2084
1557 1564 2085 2082
1563 2086 2085 1564
2087 2088 2085 2086
2083 2082 2085 2088
1563 1570 2089 2086
1569 2090 2089 1570
2091 2092 2089 2090
2087 2086 2089 2092
1569 1576 2093 2090
1575 2094 2093 1576
2095 2096 2093 2094
2091 2090 2093 2096
1575 1582 2097 2094
1581 2098 2097 1582
2099 2100 2097 2098
2095 2094 2097 2100
1581 1588 2101 2098
1587 2102 2101 1588
2103 2104 2101 2102
2099 2098 2101 2104
1587 1594 2105 2102
1593 2106 2105 1594
2107 2108 2105 2106
2103 2102 2105 2108
1593 1600 2109 2106
1599 2110 2109 1600
2111 2112 2109 2110
2107 2106 2109 2112
1599 1606 2113 2110
1605 2114 2113 1606
2115 2116 2113 2114
2111 2110 2113 2116
1605 1612 2117 2114
1611 2118 2117 1612
2119 2120 2117 2118
2115 2114 2117 2120
1611 1618 2121 2118
1617 2122 2121 1618
2123 2124 2121 2122
2119 2118 2121 2124
1617 1624 2125 2122
1623 2126 2125 1624
2127 2128 2125 2126
2123 2122 2125 2128
1623 1630 2129 2126
1629 2130 2129 1630
2131 2132 2129 2130
2127 2126 2129 2132
1629 1636 2133 2130
1635 2134 2133 1636
2135 2136 2133 2134
2131 2130 2133 2136
1635 1642 2137 2134
1641 2138 2137 1642
2139 2140 2137 2138
2135 2134 2137 2140
1641 1648 2141 2138
1647 2142 2141 1648
2143 2144 2141 2142
2139 2138 2141 2144
1647 1654 2145 2142
1653 2146 2145 1654
2147 2148 2145 2146
2143 2142 2145 2148
1653 1660 2149 2146
1659 2150 2149 1660
2151 2152 2149 2150
2147 2146 2149 2152
1659 1666 2153 2150
1665 2154 2153 1666
2155 2156 2153 2154
2151 2150 2153 2156
1665 1672 2157 2154
1671 2158 2157 1672
2159 2160 2157 2158
2155 2154 2157 2160
1671 1678 2161 2158
1677 2162 2161 1678
2163 2164 2161 2162
2159 2158 2161 2164
1677 1684 2165 2162
1683 2166 2165 1684
2167 2168 2165 2166
2163 2162 2165 2168
1683 1690 2169 2166
1689 2170 2169 1690
2171 2172 2169 2170
2167 2166 2169 2172
1689 1696 2173 2170
1695 2174 2173 1696
2175 2176 2173 2174
2171 2170 2173 2176
1695 1702 2177 2174
1701 2178 2177 1702
2179 2180 2177 2178
2175 2174 2177 2180
1701 1708 2181 2178
1707 2182 2181 1708
2183 2184 2181 2182
2179 2178 2181 2184
1707 1714 2185 2182
1713 2186 2185 1714
2187 2188 2185 2186
2183 2182 2185 2188
1713 1720 2189 2186
1719 2190 2189 1720
2191 2192 2189 2190
2187 2186 2189 2192
1719 1726 2193 2190
1725 2194 2193 1726
2195 2196 2193 2194
2191 2190 2193 2196
1725 1732 2197 2194
1731 2198 2197 1732
2199 2200 2197 2198
2195 2194 2197 2200
1731 1738 2201 2198
1737 2202 2201 1738
2203 2204 2201 2202
2199 2198 2201 2204
1737 1744 2205 2202
1743 2206 2205 1744
2207 2208 2205 2206
2203 2202 2205 2208
1743 1750 2209 2206
1749 2210 2209 1750
2211 2212 2209 2210
2207 2206 2209 2212
1749 1756 2213 2210
1755 2214 2213 1756
2215 2216 2213 2214
2211 2210 2213 2216
1755 1762 2217 2214
1761 2218 2217 1762
2219 2220 2217 2218
2215 2214 2217 2220
1761 1768 2221 2218
1767 2222 2221 1768
2223 2224 2221 2222
2219 2218 2221 2224
1767 1774 2225 2222
1773 2226 2225 1774
2227 2228 2225 2226
2223 2222 2225 2228
1773 1780 2229 2226
1779 2230 2229 1780
2231 2232 2229 2230
2227 2226 2229 2232
1779 1786 2233 2230
1785 2234 2233 1786
2235 2236 2233 2234
2231 2230 2233 2236
1785 1792 2237 2234
1791 2238 2237 1792
2239 2240 2237 2238
2235 2234 2237 2240
1791 1798 2241 2238
1797 2242 2241 1798
2243 2244 2241 2242
2239 2238 2241 2244
1797 1804 2245 2242
1803 2246 2245 1804
2247 2248 2245 2246
2243 2242 2245 2248
1803 1810 2249 2246
1809 2250 2249 1810
2251 2252 2249 2250
2247 2246 2249 2252
1809 1816 2253 2250
1815 2254 2253 1816
2255 2256 2253 2254
2251 2250 2253 2256
1815 1822 2257 2254
1821 2258 2257 1822
2259 2260 2257 2258
2255 2254 2257 2260
1821 1828 2261 2258
1827 2262 2261 1828
2263 2264 2261 2262
2259 2258 2261 2264
1827 1834 2265 2262
1833 2266 2265 1834
2267 2268 2265 2266
2263 2262 2265 2268
1833 1840 2269 2266
1839 2270 2269 1840
2271 2272 2269 2270
2267 2266 2269 2272
1839 1846 2273 2270
1845 2274 2273 1846
2275 2276 2273 2274
2271 2270 2273 2276
1845 1852 2277 2274
1851 2278 2277 1852
2279 2280 2277 2278
2275 2274 2277 2280
1851 1858 2281 2278
1857 2282 2281 1858
2283 2284 2281 2282
2279 2278 2281 2284
1857 1864 2285 2282
1863 2286 2285 1864
2287 2288 2285 2286
2283 2282 2285 2288
1863 1870 2289 2286
1869 2290 2289 1870
2291 2292 2289 2290
2287 2286 2289 2292
1869 1876 2293 2290
1875 2294 2293 1876
2295 2296 2293 2294
2291 2290 2293 2296
1875 1882 2297 2294
1881 2298 2297 1882
2299 2300 2297 2298
2295 2294 2297 2300
1888 1887 2301 2302
1886 2303 2301 1887
2304 2305 2301 2303
2306 2302 2301 2305
1886 1892 2307 2303
1891 2308 2307 1892
2309 2310 2307 2308
2304 2303 2307 2310
1891 1896 2311 2308
1895 2312 2311 1896
2313 2314 2311 2312
2309 2308 2311 2314
1895 1900 2315 2312
1899 2316 2315 1900
2317 2318 2315 2316
2313 2312 2315 2318
1899 1904 2319 2316
1903 2320 2319 1904
2321 2322 2319 2320
2317 2316 2319 2322
1903 1908 2323 2320
1907 2324 2323 1908
2325 2326 2323 2324
2321 2320 2323 2326
1907 1912 2327 2324
1911 2328 2327 1912
2329 2330 2327 2328
2325 2324 2327 2330
1911 1916 2331 2328
1915 2332 2331 1916
2333 2334 2331 2332
2329 2328 2331 2334
1915 1920 2335 2332
1919 2336 2335 1920
2337 2338 2335 2336
2333 2332 2335 2338
1919 1924 2339 2336
1923 2340 2339 1924
2341 2342 2339 2340
2337 2336 2339 2342
1923 1928 2343 2340
1927 2344 2343 1928
2345 2346 2343 2344
2341 2340 2343 2346
1927 1932 2347 2344
1931 2348 2347 1932
2349 2350 2347 2348
2345 2344 2347 2350
1931 1936 2351 2348
1935 2352 2351 1936
2353 2354 2351 2352
2349 2348 2351 2354
1935 1940 2355 2352
1939 2356 2355 1940
2357 2358 2355 2356
2353 2352 2355 2358
1939 1944 2359 2356
1943 2360 2359 1944
2361 2362 2359 2360
2357 2356 2359 2362
1943 1948 2363 2360
1947 2364 2363 1948
2365 2366 2363 2364
2361 2360 2363 2366
1947 1952 2367 2364
1951 2368 2367 1952
2369 2370 2367 2368
2365 2364 2367 2370
1951 1956 2371 2368
1955 2372 2371 1956
2373 2374 2371 2372
2369 2368 2371 2374
1955 1960 2375 2372
1959 2376 2375 1960
2377 2378 2375 2376
2373 2372 2375 2378
1959 1964 2379 2376
1963 2380 2379 1964
2381 2382 2379 2380
2377 2376 2379 2382
1963 1968 2383 2380
1967 2384 2383 1968
2385 2386 2383 2384
2381 2380 2383 2386
1967 1972 2387 2384
1971 2388 2387 1972
2389 2390 2387 2388
2385 2384 2387 2390
1971 1976 2391 2388
1975 2392 2391 1976
2393 2394 2391 2392
2389 2388 2391 2394
1975 1980 2395 2392
1979 2396 2395 1980
2397 2398 2395 2396
2393 2392 2395 2398
1979 1984 2399 2396
1983 2400 2399 1984
2401 2402 2399 2400
2397 2396 2399 2402
1983 1988 2403 2400
1987 2404 2403 1988
2405 2406 2403 2404
2401 2400 2403 2406
1987 1992 2407 2404
1991 2408 2407 1992
2409 2410 2407 2408
2405 2404 2407 2410
1991 1996 2411 2408
1995 2412 2411 1996
2413 2414 2411 2412
2409 2408 2411 2414
1995 2000 2415 2412
1999 2416 2415 2000
2417 2418 2415 2416
2413 2412 2415 2418
1999 2004 2419 2416
2003 2420 2419 2004
2421 2422 2419 2420
2417 2416 2419 2422
2003 2008 2423 2420
2007 2424 2423 2008
2425 2426 2423 2424
2421 2420 2423 2426
2007 2012 2427 2424
2011 2428 2427 2012
2429 2430 2427 2428
2425 2424 2427 2430
2011 2016 2431 2428
2015 2432 2431 2016
2433 2434 2431 2432
2429 2428 2431 2434
2015 2020 2435 2432
2019 2436 2435 2020
2437 2438 2435 2436
2433 2432 2435 2438
2019 2024 2439 2436
2023 2440 2439 2024
2441 2442 2439 2440
2437 2436 2439 2442
2023 2028 2443 2440
2027 2444 2443 2028
2445 2446 2443 2444
2441 2440 2443 2446
2027 2032 2447 2444
2031 2448 2447 2032
2449 2450 2447 2448
2445 2444 2447 2450
2031 2036 2451 2448
2035 2452 2451 2036
2453 2454 2451 2452
2449 2448 2451 2454
2035 2040 2455 2452
2039 2456 2455 2040
2457 2458 2455 2456
2453 2452 2455 2458
2039 2044 2459 2456
2043 2460 2459 2044
2461 2462 2459 2460
2457 2456 2459 2462
2043 2048 2463 2460
2047 2464 2463 2048
2465 2466 2463 2464
2461 2460 2463 2466
2047 2052 2467 2464
2051 2468 2467 2052
2469 2470 2467 2468
2465 2464 2467 2470
2051 2056 2471 2468
2055 2472 2471 2056
2473 2474 2471 2472
2469 2468 2471 2474
2055 2060 2475 2472
2059 2476 2475 2060
2477 2478 2475 2476
2473 2472 2475 2478
2059 2064 2479 2476
2063 2480 2479 2064
2481 2482 2479 2480
2477 2476 2479 2482
2063 2068 2483 2480
2067 2484 2483 2068
2485 2486 2483 2484
2481 2480 2483 2486
2067 2072 2487 2484
2071 2488 2487 2072
2489 2490 2487 2488
2485 2484 2487 2490
2071 2076 2491 2488
2075 2492 2491 2076
2493 2494 2491 2492
2489 2488 2491 2494
2075 2080 2495 2492
2079 2496 2495 2080
2497 2498 2495 2496
2493 2492 2495 2498
2079 2084 2499 2496
2083 2500 2499 2084
2501 2502 2499 2500
2497 2496 2499 2502
2083 2088 2503 2500
2087 2504 2503 2088
2505 2506 2503 2504
2501 2500 2503 2506
2087 2092 2507 2504
2091 2508 2507 2092
2509 2510 2507 2508
2505 2504 2507 2510
2091 2096 2511 2508
2095 2512 2511 2096
2513 2514 2511 2512
2509 2508 2511 2514
2095 2100 2515 2512
2099 2516 2515 2100
2517 2518 2515 2516
2513 2512 2515 2518
2099 2104 2519 2516
2103 2520 2519 2104
2521 2522 2519 2520
2517 2516 2519 2522
2103 2108 2523 2520
2107 2524 2523 2108
2525 2526 2523 2524
2521 2520 2523 2526
2107 2112 2527 2524
2111 2528 2527 2112
2529 2530 2527 2528
2525 2524 2527 2530
2111 2116 2531 2528
2115 2532 2531 2116
2533 2534 2531 2532
2529 2528 2531 2534
2115 2120 2535 2532
2119 2536 2535 2120
2537 2538 2535 2536
2533 2532 2535 2538
2119 2124 2539 2536
2123 2540 2539 2124
2541 2542 2539 2540
2537 2536 2539 2542
2123 2128 2543 2540
2127 2544 2543 2128
2545 2546 2543 2544
2541 2540 2543 2546
2127 2132 2547 2544
2131 2548 2547 2132
2549 2550 2547 2548
2545 2544 2547 2550
2131 2136 2551 2548
2135 2552 2551 2136
2553 2554 2551 2552
2549 2548 2551 2554
2135 2140 2555 2552
2139 2556 2555 2140
2557 2558 2555 2556
2553 2552 2555 2558
2139 2144 2559 2556
2143 2560 2559 2144
2561 2562 2559 2560
2557 2556 2559 2562
2143 2148 2563 2560
2147 2564 2563 2148
2565 2566 2563 2564
2561 2560 2563 2566
2147 2152 2567 2564
2151 2568 2567 2152
2569 2570 2567 2568
2565 2564 2567 2570
2151 2156 2571 2568
2155 2572 2571 2156
2573 2574 2571 2572
2569 2568 2571 2574
2155 2160 2575 2572
2159 2576 2575 2160
2577 2578 2575 2576
2573 2572 2575 2578
2159 2164 2579 2576
2163 2580 2579 2164
2581 2582 2579 2580
2577 2576 2579 2582
2163 2168 2583 2580
2167 2584 2583 2168
2585 2586 2583 2584
2581 2580 2583 2586
2167 2172 2587 2584
2171 2588 2587 2172
2589 2590 2587 2588
2585 2584 2587 2590
2171 2176 2591 2588
2175 2592 2591 2176
2593 2594 2591 2592
2589 2588 2591 2594
2175 2180 2595 2592
2179 2596 2595 2180
2597 2598 2595 2596
2593 2592 2595 2598
2179 2184 2599 2596
2183 2600 2599 2184
2601 2602 2599 2600
2597 2596 2599 2602
2183 2188 2603 2600
2187 2604 2603 2188
2605 2606 2603 2604
2601 2600 2603 2606
2187 2192 2607 2604
2191 2608 2607 2192
2609 2610 2607 2608
2605 2604 2607 2610
2191 2196 2611 2608
2195 2612 2611 2196
2613 2614 2611 2612
2609 2608 2611 2614
2195 2200 2615 2612
2199 2616 2615 2200
2617 2618 2615 2616
2613 2612 2615 2618
2199 2204 2619 2616
2203 2620 2619 2204
2621 2622 2619 2620
2617 2616 2619 2622
2203 2208 2623 2620
2207 2624 2623 2208
2625 2626 2623 2624
2621 2620 2623 2626
2207 2212 2627 2624
2211 2628 2627 2212
2629 2630 2627 2628
2625 2624 2627 2630
2211 2216 2631 2628
2215 2632 2631 2216
2633 2634 2631 2632
2629 2628 2631 2634
2215 2220 2635 2632
2219 2636 2635 2220
2637 2638 2635 2636
2633 2632 2635 2638
2219 2224 2639 2636
2223 2640 2639 2224
2641 2642 2639 2640
2637 2636 2639 2642
2223 2228 2643 2640
2227 2644 2643 2228
2645 2646 2643 2644
2641 2640 2643 2646
2227 2232 2647 2644
2231 2648 2647 2232
2649 2650 2647 2648
2645 2644 2647 2650
2231 2236 2651 2648
2235 2652 2651 2236
2653 2654 2651 2652
2649 2648 2651 2654
2235 2240 2655 2652
2239 2656 2655 2240
2657 2658 2655 2656
2653 2652 2655 2658
2239 2244 2659 2656
2243 2660 2659 2244
2661 2662 2659 2660
2657 2656 2659 2662
2243 2248 2663 2660
2247 2664 2663 2248
2665 2666 2663 2664
2661 2660 2663 2666
2247 2252 2667 2664
2251 2668 2667 2252
2669 2670 2667 2668
2665 2664 2667 2670
2251 2256 2671 2668
2255 2672 2671 2256
2673 2674 2671 2672
2669 2668 2671 2674
2255 2260 2675 2672
2259 2676 2675 2260
2677 2678 2675 2676
2673 2672 2675 2678
2259 2264 2679 2676
2263 2680 2679 2264
2681 2682 2679 2680
2677 2676 2679 2682
2263 2268 2683 2680
2267 2684 2683 2268
2685 2686 2683 2684
2681 2680 2683 2686
2267 2272 2687 2684
2271 2688 2687 2272
2689 2690 2687 2688
2685 2684 2687 2690
2271 2276 2691 2688
2275 2692 2691 2276
2693 2694 2691 2692
2689 2688 2691 2694
2275 2280 2695 2692
2279 2696 2695 2280
2697 2698 2695 2696
2693 2692 2695 2698
2279 2284 2699 2696
2283 2700 2699 2284
2701 2702 2699 2700
2697 2696 2699 2702
2283 2288 2703 2700
2287 2704 2703 2288
2705 2706 2703 2704
2701 2700 2703 2706
2287 2292 2707 2704
2291 2708 2707 2292
2709 2710 2707 2708
2705 2704 2707 2710
2291 2296 2711 2708
2295 2712 2711 2296
2713 2714 2711 2712
2709 2708 2711 2714
2295 2300 2715 2712
2299 2716 2715 2300
2717 2718 2715 2716
2713 2712 2715 2718
2306 2305 2719 2720
2304 2721 2719 2305
2722 2723 2719 2721
2724 2720 2719 2723
2304 2310 2725 2721
2309 2726 2725 2310
2727 2728 2725 2726
2722 2721 2725 2728
2309 2314 2729 2726
2313 2730 2729 2314
2731 2732 2729 2730
2727 2726 2729 2732
2313 2318 2733 2730
2317 2734 2733 2318
2735 2736 2733 2734
2731 2730 2733 2736
2317 2322 2737 2734
2321 2738 2737 2322
2739 2740 2737 2738
2735 2734 2737 2740
2321 2326 2741 2738
2325 2742 2741 2326
2743 2744 2741 2742
2739 2738 2741 2744
2325 2330 2745 2742
2329 2746 2745 2330
2747 2748 2745 2746
2743 2742 2745 2748
2329 2334 2749 2746
2333 2750 2749 2334
2751 2752 2749 2750
2747 2746 2749 2752
2333 2338 2753 2750
2337 2754 2753 2338
2755 2756 2753 2754
2751 2750 2753 2756
2337 2342 2757 2754
2341 2758 2757 2342
2759 2760 2757 2758
2755 2754 2757 2760
2341 2346 2761 2758
2345 2762 2761 2346
2763 2764 2761 2762
2759 2758 2761 2764
2345 2350 2765 2762
2349 2766 2765 2350
2767 2768 2765 2766
2763 2762 2765 2768
2349 2354 2769 2766
2353 2770 2769 2354
2771 2772 2769 2770
2767 2766 2769 2772
2353 2358 2773 2770
2357 2774 2773 2358
2775 2776 2773 2774
2771 2770 2773 2776
2357 2362 2777 2774
2361 2778 2777 2362
2779 2780 2777 2778
2775 2774 2777 2780
2361 2366 2781 2778
2365 2782 2781 2366
2783 2784 2781 2782
2779 2778 2781 2784
2365 2370 2785 2782
2369 2786 2785 2370
2787 2788 2785 2786
2783 2782 2785 2788
2369 2374 2789 2786
2373 2790 2789 2374
2791 2792 2789 2790
2787 2786 2789 2792
2373 2378 2793 2790
2377 2794 2793 2378
2795 2796 2793 2794
2791 2790 2793 2796
2377 2382 2797 2794
2381 2798 2797 2382
2799 2800 2797 2798
2795 2794 2797 2800
2381 2386 2801 2798
2385 2802 2801 2386
2803 2804 2801 2802
2799 2798 2801 2804
2385 2390 2805 2802
2389 2806 2805 2390
2807 2808 2805 2806
2803 2802 2805 2808
2389 2394 2809 2806
2393 2810 2809 2394
2811 2812 2809 2810
2807 2806 2809 2812
2393 2398 2813 2810
2397 2814 2813 2398
2815 2816 2813 2814
2811 2810 2813 2816
2397 2402 2817 2814
2401 2818 2817 2402
2819 2820 2817 2818
2815 2814 2817 2820
2401 2406 2821 2818
2405 2822 2821 2406
2823 2824 2821 2822
2819 2818 2821 2824
2405 2410 2825 2822
2409 2826 2825 2410
2827 2828 2825 2826
2823 2822 2825 2828
2409 2414 2829 2826
2413 2830 2829 2414
2831 2832 2829 2830
2827 2826 2829 2832
2413 2418 2833 2830
2417 2834 2833 2418
2835 2836 2833 2834
2831 2830 2833 2836
2417 2422 2837 2834
2421 2838 2837 2422
2839 2840 2837 2838
2835 2834 2837 2840
2421 2426 2841 2838
2425 2842 2841 2426
2843 2844 2841 2842
2839 2838 2841 2844
2425 2430 2845 2842
2429 2846 2845 2430
2847 2848 2845 2846
2843 2842 2845 2848
2429 2434 2849 2846
2433 2850 2849 2434
2851 2852 2849 2850
2847 2846 2849 2852
2433 2438 2853 2850
2437 2854 2853 2438
2855 2856 2853 2854
2851 2850 2853 2856
2437 2442 2857 2854
2441 2858 2857 2442
2859 2860 2857 2858
2855 2854 2857 2860
2441 2446 2861 2858
2445 2862 2861 2446
2863 2864 2861 2862
2859 2858 2861 2864
2445 2450 2865 2862
2449 2866 2865 2450
2867 2868 2865 2866
2863 2862 2865 2868
2449 2454 2869 2866
2453 2870 2869 2454
2871 2872 2869 2870
2867 2866 2869 2872
2453 2458 2873 2870
2457 2874 2873 2458
2875 2876 2873 2874
2871 2870 2873 2876
2457 2462 2877 2874
2461 2878 2877 2462
2879 2880 2877 2878
2875 2874 2877 2880
2461 2466 2881 2878
2465 2882 2881 2466
2883 2884 2881 2882
2879 2878 2881 2884
2465 2470 2885 2882
2469 2886 2885 2470
2887 2888 2885 2886
2883 2882 2885 2888
2469 2474 2889 2886
2473 2890 2889 2474
2891 2892 2889 2890
2887 2886 2889 2892
2473 2478 2893 2890
2477 2894 2893 2478
2895 2896 2893 2894
2891 2890 2893 2896
2477 2482 2897 2894
2481 2898 2897 2482
2899 2900 2897 2898
2895 2894 2897 2900
2481 2486 2901 2898
2485 2902 2901 2486
2903 2904 2901 2902
2899 2898 2901 2904
2485 2490 2905 2902
2489 2906 2905 2490
2907 2908 2905 2906
2903 2902 2905 2908
2489 2494 2909 2906
2493 2910 2909 2494
2911 2912 2909 2910
2907 2906 2909 2912
2493 2498 2913 2910
2497 2914 2913 2498
2915 2916 2913 2914
2911 2910 2913 2916
2497 2502 2917 2914
2501 2918 2917 2502
2919 2920 2917 2918
2915 2914 2917 2920
2501 2506 2921 2918
2505 2922 2921 2506
2923 2924 2921 2922
2919 2918 2921 2924
2505 2510 2925 2922
2509 2926 2925 2510
2927 2928 2925 2926
2923 2922 2925 2928
2509 2514 2929 2926
2513 2930 2929 2514
2931 2932 2929 2930
2927 2926 2929 2932
2513 2518 2933 2930
2517 2934 2933 2518
2935 2936 2933 2934
2931 2930 2933 2936
2517 2522 2937 2934
2521 2938 2937 2522
2939 2940 2937 2938
2935 2934 2937 2940
2521 2526 2941 2938
2525 2942 2941 2526
2943 2944 2941 2942
2939 2938 2941 2944
2525 2530 2945 2942
2529 2946 2945 2530
2947 2948 2945 2946
2943 2942 2945 2948
2529 2534 2949 2946
2533 2950 2949 2534
2951 2952 2949 2950
2947 2946 2949 2952
2533 2538 2953 2950
2537 2954 2953 2538
2955 2956 2953 2954
2951 2950 2953 2956
2537 2542 2957 2954
2541 2958 2957 2542
2959 2960 2957 2958
2955 2954 2957 2960
2541 2546 2961 2958
2545 2962 2961 2546
2963 2964 2961 2962
2959 2958 2961 2964
2545 2550 2965 2962
2549 2966 2965 2550
2967 2968 2965 2966
2963 2962 2965 2968
2549 2554 2969 2966
2553 2970 2969 2554
2971 2972 2969 2970
2967 2966 2969 2972
2553 2558 2973 2970
2557 2974 2973 2558
2975 2976 2973 2974
2971 2970 2973 2976
2557 2562 2977 2974
2561 2978 2977 2562
2979 2980 2977 2978
2975 2974 2977 2980
2561 2566 2981 2978
2565 2982 2981 2566
2983 2984 2981 2982
2979 2978 2981 2984
2565 2570 2985 2982
2569 2986 2985 2570
2987 2988 2985 2986
2983 2982 2985 2988
2569 2574 2989 2986
2573 2990 2989 2574
2991 2992 2989 2990
2987 2986 2989 2992
2573 2578 2993 2990
2577 2994 2993 2578
2995 2996 2993 2994
2991 2990 2993 2996
2577 2582 2997 2994
2581 2998 2997 2582
2999 3000 2997 2998
2995 2994 2997 3000
2581 2586 3001 2998
2585 3002 3001 2586
3003 3004 3001 3002
2999 2998 3001 3004
2585 2590 3005 3002
2589 3006 3005 2590
3007 3008 3005 3006
3003 3002 3005 3008
2589 2594 3009 3006
2593 3010 3009 2594
3011 3012 3009 3010
3007 3006 3009 3012
2593 2598 3013 3010
2597 3014 3013 2598
3015 3016 3013 3014
3011 3010 3013 3016
2597 2602 3017 3014
2601 3018 3017 2602
3019 3020 3017 3018
3015 3014 3017 3020
2601 2606 3021 3018
2605 3022 3021 2606
3023 3024 3021 3022
3019 3018 3021 3024
2605 2610 3025 3022
2609 3026 3025 2610
3027 3028 3025 3026
3023 3022 3025 3028
2609 2614 3029 3026
2613 3030 3029 2614
3031 3032 3029 3030
3027 3026 3029 3032
2613 2618 3033 3030
2617 3034 3033 2618
3035 3036 3033 3034
3031 3030 3033 3036
2617 2622 3037 3034
2621 3038 3037 2622
3039 3040 3037 3038
3035 3034 3037 3040
2621 2626 3041 3038
2625 3042 3041 2626
3043 3044 3041 3042
3039 3038 3041 3044
2625 2630 3045 3042
2629 3046 3045 2630
3047 3048 3045 3046
3043 3042 3045 3048
2629 2634 3049 3046
2633 3050 3049 2634
3051 3052 3049 3050
3047 3046 3049 3052
2633 2638 3053 3050
2637 3054 3053 2638
3055 3056 3053 3054
3051 3050 3053 3056
2637 2642 3057 3054
2641 3058 3057 2642
3059 3060 3057 3058
3055 3054 3057 3060
2641 2646 3061 3058
2645 3062 3061 2646
3063 3064 3061 3062
3059 3058 3061 3064
2645 2650 3065 3062
2649 3066 3065 2650
3067 3068 3065 3066
3063 3062 3065 3068
2649 2654 3069 3066
2653 3070 3069 2654
3071 3072 3069 3070
3067 3066 3069 3072
2653 2658 3073 3070
2657 3074 3073 2658
3075 3076 3073 3074
3071 3070 3073 3076
2657 2662 3077 3074
2661 3078 3077 2662
3079 3080 3077 3078
3075 3074 3077 3080
2661 2666 3081 3078
2665 3082 3081 2666
3083 3084 3081 3082
3079 3078 3081 3084
2665 2670 3085 3082
2669 3086 3085 2670
3087 3088 3085 3086
3083 3082 3085 3088
2669 2674 3089 3086
2673 3090 3089 2674
3091 3092 3089 3090
3087 3086 3089 3092
2673 2678 3093 3090
2677 3094 3093 2678
3095 3096 3093 3094
3091 3090 3093 3096
2677 2682 3097 3094
2681 3098 3097 2682
3099 3100 3097 3098
3095 3094 3097 3100
2681 2686 3101 3098
2685 3102 3101 2686
3103 3104 3101 3102
3099 3098 3101 3104
2685 2690 3105 3102
2689 3106 3105 2690
3107 3108 3105 3106
3103 3102 3105 3108
2689 2694 3109 3106
2693 3110 3109 2694
3111 3112 3109 3110
3107 3106 3109 3112
2693 2698 3113 3110
2697 3114 3113 2698
3115 3116 3113 3114
3111 3110 3113 3116
2697 2702 3117 3114
2701 3118 3117 2702
3119 3120 3117 3118
3115 3114 3117 3120
2701 2706 3121 3118
2705 3122 3121 2706
3123 3124 3121 3122
3119 3118 3121 3124
2705 2710 3125 3122
2709 3126 3125 2710
3127 3128 3125 3126
3123 3122 3125 3128
2709 2714 3129 3126
2713 3130 3129 2714
3131 3132 3129 3130
3127 3126 3129 3132
2713 2718 3133 3130
2717 3134 3133 2718
3135 3136 3133 3134
3131 3130 3133 3136
2724 2723 3137 3138
2722 3139 3137 2723
3140 3141 3137 3139
3142 3138 3137 3141
2722 2728 3143 3139
2727 3144 3143 2728
3145 3146 3143 3144
3140 3139 3143 3146
2727 2732 3147 3144
2731 3148 3147 2732
3149 3150 3147 3148
3145 3144 3147 3150
2731 2736 3151 3148
2735 3152 3151 2736
3153 3154 3151 3152
3149 3148 3151 3154
2735 2740 3155 3152
2739 3156 3155 2740
3157 3158 3155 3156
3153 3152 3155 3158
2739 2744 3159 3156
2743 3160 3159 2744
3161 3162 3159 3160
3157 3156 3159 3162
2743 2748 3163 3160
2747 3164 3163 2748
3165 3166 3163 3164
3161 3160 3163 3166
2747 2752 3167 3164
2751 3168 3167 2752
3169 3170 3167 3168
3165 3164 3167 3170
2751 2756 3171 3168
2755 3172 3171 2756
3173 3174 3171 3172
3169 3168 3171 3174
2755 2760 3175 3172
2759 3176 3175 2760
3177 3178 3175 3176
3173 3172 3175 3178
2759 2764 3179 3176
2763 3180 3179 2764
3181 3182 3179 3180
3177 3176 3179 3182
2763 2768 3183 3180
2767 3184 3183 2768
3185 3186 3183 3184
3181 3180 3183 3186
2767 2772 3187 3184
2771 3188 3187 2772
3189 3190 3187 3188
3185 3184 3187 3190
2771 2776 3191 3188
2775 3192 3191 2776
3193 3194 3191 3192
3189 3188 3191 3194
2775 2780 3195 3192
2779 3196 3195 2780
3197 3198 3195 3196
3193 3192 3195 3198
2779 2784 3199 3196
2783 3200 3199 2784
3201 3202 3199 3200
3197 3196 3199 3202
2783 2788 3203 3200
2787 3204 3203 2788
3205 3206 3203 3204
3201 3200 3203 3206
2787 2792 3207 3204
2791 3208 3207 2792
3209 3210 3207 3208
3205 3204 3207 3210
2791 2796 3211 3208
2795 3212 3211 2796
3213 3214 3211 3212
3209 3208 3211 3214
2795 2800 3215 3212
2799 3216 3215 2800
3217 3218 3215 3216
3213 3212 3215 3218
2799 2804 3219 3216
2803 3220 3219 2804
3221 3222 3219 3220
3217 3216 3219 3222
2803 2808 3223 3220
2807 3224 3223 2808
3225 3226 3223 3224
3221 3220 3223 3226
2807 2812 3227 3224
2811 3228 3227 2812
3229 3230 3227 3228
3225 3224 3227 3230
2811 2816 3231 3228
2815 3232 3231 2816
3233 3234 3231 3232
3229 3228 3231 3234
2815 2820 3235 3232
2819 3236 3235 2820
3237 3238 3235 3236
3233 3232 3235 3238
2819 2824 3239 3236
2823 3240 3239 2824
3241 3242 3239 3240
3237 3236 3239 3242
2823 2828 3243 3240
2827 3244 3243 2828
3245 3246 3243 3244
3241 3240 3243 3246
2827 2832 3247 3244
2831 3248 3247 2832
3249 3250 3247 3248
3245 3244 3247 3250
2831 2836 3251 3248
2835 3252 3251 2836
3253 3254 3251 3252
3249 3248 3251 3254
2835 2840 3255 3252
2839 3256 3255 2840
3257 3258 3255 3256
3253 3252 3255 3258
2839 2844 3259 3256
2843 3260 3259 2844
3261 3262 3259 3260
3257 3256 3259 3262
2843 2848 3263 3260
2847 3264 3263 2848
3265 3266 3263 3264
3261 3260 3263 3266
2847 2852 3267 3264
2851 3268 3267 2852
3269 3270 3267 3268
3265 3264 3267 3270
2851 2856 3271 3268
2855 3272 3271 2856
3273 3274 3271 3272
3269 3268 3271 3274
2855 2860 3275 3272
2859 3276 3275 2860
3277 3278 3275 3276
3273 3272 3275 3278
2859 2864 3279 3276
2863 3280 3279 2864
3281 3282 3279 3280
3277 3276 3279 3282
2863 2868 3283 3280
2867 3284 3283 2868
3285 3286 3283 3284
3281 3280 3283 3286
2867 2872 3287 3284
2871 3288 3287 2872
3289 3290 3287 3288
3285 3284 3287 3290
2871 2876 3291 3288
2875 3292 3291 2876
3293 3294 3291 3292
3289 3288 3291 3294
2875 2880 3295 3292
2879 3296 3295 2880
3297 3298 3295 3296
3293 3292 3295 3298
2879 2884 3299 3296
2883 3300 3299 2884
3301 3302 3299 3300
3297 3296 3299 3302
2883 2888 3303 3300
2887 3304 3303 2888
3305 3306 3303 3304
3301 3300 3303 3306
2887 2892 3307 3304
2891 3308 3307 2892
3309 3310 3307 3308
3305 3304 3307 3310
2891 2896 3311 3308
2895 3312 3311 2896
3313 3314 3311 3312
3309 3308 3311 3314
2895 2900 3315 3312
2899 3316 3315 2900
3317 3318 3315 3316
3313 3312 3315 3318
2899 2904 3319 3316
2903 3320 3319 2904
3321 3322 3319 3320
3317 3316 3319 3322
2903 2908 3323 3320
2907 3324 3323 2908
3325 3326 3323 3324
3321 3320 3323 3326
2907 2912 3327 3324
2911 3328 3327 2912
3329 3330 3327 3328
3325 3324 3327 3330
2911 2916 3331 3328
2915 3332 3331 2916
3333 3334 3331 3332
3329 3328 3331 3334
2915 2920 3335 3332
2919 3336 3335 2920
3337 3338 3335 3336
3333 3332 3335 3338
2919 2924 3339 3336
2923 3340 3339 2924
3341 3342 3339 3340
3337 3336 3339 3342
2923 2928 3343 3340
2927 3344 3343 2928
3345 3346 3343 3344
3341 3340 3343 3346
2927 2932 3347 3344
2931 3348 3347 2932
3349 3350 3347 3348
3345 3344 3347 3350
2931 2936 3351 3348
2935 3352 3351 2936
3353 3354 3351 3352
3349 3348 3351 3354
2935 2940 3355 3352
2939 3356 3355 2940
3357 3358 3355 3356
3353 3352 3355 3358
2939 2944 3359 3356
2943 3360 3359 2944
3361 3362 3359 3360
3357 3356 3359 3362
2943 2948 3363 3360
2947 3364 3363 2948
3365 3366 3363 3364
3361 3360 3363 3366
2947 2952 3367 3364
2951 3368 3367 2952
3369 3370 3367 3368
3365 3364 3367 3370
2951 2956 3371 3368
2955 3372 3371 2956
3373 3374 3371 3372
3369 3368 3371 3374
2955 2960 3375 3372
2959 3376 3375 2960
3377 3378 3375 3376
3373 3372 3375 3378
2959 2964 3379 3376
2963 3380 3379 2964
3381 3382 3379 3380
3377 3376 3379 3382
2963 2968 3383 3380
2967 3384 3383 2968
3385 3386 3383 3384
3381 3380 3383 3386
2967 2972 3387 3384
2971 3388 3387 2972
3389 3390 3387 3388
3385 3384 3387 3390
2971 2976 3391 3388
2975 3392 3391 2976
3393 3394 3391 3392
3389 3388 3391 3394
2975 2980 3395 3392
2979 3396 3395 2980
3397 3398 3395 3396
3393 3392 3395 3398
2979 2984 3399 3396
2983 3400 3399 2984
3401 3402 3399 3400
3397 3396 3399 3402
2983 2988 3403 3400
2987 3404 3403 2988
3405 3406 3403 3404
3401 3400 3403 3406
2987 2992 3407 3404
2991 3408 3407 2992
3409 3410 3407 3408
3405 3404 3407 3410
2991 2996 3411 3408
2995 3412 3411 2996
3413 3414 3411 3412
3409 3408 3411 3414
2995 3000 3415 3412
2999 3416 3415 3000
3417 3418 3415 3416
3413 3412 3415 3418
2999 3004 3419 3416
3003 3420 3419 3004
3421 3422 3419 3420
3417 3416 3419 3422
3003 3008 3423 3420
3007 3424 3423 3008
3425 3426 3423 3424
3421 3420 3423 3426
3007 3012 3427 3424
3011 3428 3427 3012
3429 3430 3427 3428
3425 3424 3427 3430
3011 3016 3431 3428
3015 3432 3431 3016
3433 3434 3431 3432
3429 3428 3431 3434
3015 3020 3435 3432
3019 3436 3435 3020
3437 3438 3435 3436
3433 3432 3435 3438
3019 3024 3439 3436
3023 3440 3439 3024
3441 3442 3439 3440
3437 3436 3439 3442
3023 3028 3443 3440
3027 3444 3443 3028
3445 3446 3443 3444
3441 3440 3443 3446
3027 3032 3447 3444
3031 3448 3447 3032
3449 3450 3447 3448
3445 3444 3447 3450
3031 3036 3451 3448
3035 3452 3451 3036
3453 3454 3451 3452
3449 3448 3451 3454
3035 3040 3455 3452
3039 3456 3455 3040
3457 3458 3455 3456
3453 3452 3455 3458
3039 3044 3459 3456
3043 3460 3459 3044
3461 3462 3459 3460
3457 3456 3459 3462
3043 3048 3463 3460
3047 3464 3463 3048
3465 3466 3463 3464
3461 3460 3463 3466
3047 3052 3467 3464
3051 3468 3467 3052
3469 3470 3467 3468
3465 3464 3467 3470
3051 3056 3471 3468
3055 3472 3471 3056
3473 3474 3471 3472
3469 3468 3471 3474
3055 3060 3475 3472
3059 3476 3475 3060
3477 3478 3475 3476
3473 3472 3475 3478
3059 3064 3479 3476
3063 3480 3479 3064
3481 3482 3479 3480
3477 3476 3479 3482
3063 3068 3483 3480
3067 3484 3483 3068
3485 3486 3483 3484
3481 3480 3483 3486
3067 3072 3487 3484
3071 3488 3487 3072
3489 3490 3487 3488
3485 3484 3487 3490
3071 3076 3491 3488
3075 3492 3491 3076
3493 3494 3491 3492
3489 3488 3491 3494
3075 3080 3495 3492
3079 3496 3495 3080
3497 3498 3495 3496
3493 3492 3495 3498
3079 3084 3499 3496
3083 3500 3499 3084
3501 3502 3499 3500
3497 3496 3499 3502
3083 3088 3503 3500
3087 3504 3503 3088
3505 3506 3503 3504
3501 3500 3503 3506
3087 3092 3507 3504
3091 3508 3507 3092
3509 3510 3507 3508
3505 3504 3507 3510
3091 3096 3511 3508
3095 3512 3511 3096
3513 3514 3511 3512
3509 3508 3511 3514
3095 3100 3515 3512
3099 3516 3515 3100
3517 3518 3515 3516
3513 3512 3515 3518
3099 3104 3519 3516
3103 3520 3519 3104
3521 3522 3519 3520
3517 3516 3519 3522
3103 3108 3523 3520
3107 3524 3523 3108
3525 3526 3523 3524
3521 3520 3523 3526
3107 3112 3527 3524
3111 3528 3527 3112
3529 3530 3527 3528
3525 3524 3527 3530
3111 3116 3531 3528
3115 3532 3531 3116
3533 3534 3531 3532
3529 3528 3531 3534
3115 3120 3535 3532
3119 3536 3535 3120
3537 3538 3535 3536
3533 3532 3535 3538
3119 3124 3539 3536
3123 3540 3539 3124
3541 3542 3539 3540
3537 3536 3539 3542
3123 3128 3543 3540
3127 3544 3543 3128
3545 3546 3543 3544
3541 3540 3543 3546
3127 3132 3547 3544
3131 3548 3547 3132
3549 3550 3547 3548
3545 3544 3547 3550
3131 3136 3551 3548
3135 3552 3551 3136
3553 3554 3551 3552
3549 3548 3551 3554
3142 3141 3555 3556
3140 3557 3555 3141
3558 3559 3555 3557
3560 3556 3555 3559
3140 3146 3561 3557
3145 3562 3561 3146
3563 3564 3561 3562
3558 3557 3561 3564
3145 3150 3565 3562
3149 3566 3565 3150
3567 3568 3565 3566
3563 3562 3565 3568
3149 3154 3569 3566
3153 3570 3569 3154
3571 3572 3569 3570
3567 3566 3569 3572
3153 3158 3573 3570
3157 3574 3573 3158
3575 3576 3573 3574
3571 3570 3573 3576
3157 3162 3577 3574
3161 3578 3577 3162
3579 3580 3577 3578
3575 3574 3577 3580
3161 3166 3581 3578
3165 3582 3581 3166
3583 3584 3581 3582
3579 3578 3581 3584
3165 3170 3585 3582
3169 3586 3585 3170
3587 3588 3585 3586
3583 3582 3585 3588
3169 3174 3589 3586
3173 3590 3589 3174
3591 3592 3589 3590
3587 3586 3589 3592
3173 3178 3593 3590
3177 3594 3593 3178
3595 3596 3593 3594
3591 3590 3593 3596
3177 3182 3597 3594
3181 3598 3597 3182
3599 3600 3597 3598
3595 3594 3597 3600
3181 3186 3601 3598
3185 3602 3601 3186
3603 3604 3601 3602
3599 3598 3601 3604
3185 3190 3605 3602
3189 3606 3605 3190
3607 3608 3605 3606
3603 3602 3605 3608
3189 3194 3609 3606
3193 3610 3609 3194
3611 3612 3609 3610
3607 3606 3609 3612
3193 3198 3613 3610
3197 3614 3613 3198
3615 3616 3613 3614
3611 3610 3613 3616
3197 3202 3617 3614
3201 3618 3617 3202
3619 3620 3617 3618
3615 3614 3617 3620
3201 3206 3621 3618
3205 3622 3621 3206
3623 3624 3621 3622
3619 3618 3621 3624
3205 3210 3625 3622
3209 3626 3625 3210
3627 3628 3625 3626
3623 3622 3625 3628
3209 3214 3629 3626
3213 3630 3629 3214
3631 3632 3629 3630
3627 3626 3629 3632
3213 3218 3633 3630
3217 3634 3633 3218
3635 3636 3633 3634
3631 3630 3633 3636
3217 3222 3637 3634
3221 3638 3637 3222
3639 3640 3637 3638
3635 3634 3637 3640
3221 3226 3641 3638
3225 3642 3641 3226
3643 3644 3641 3642
3639 3638 3641 3644
3225 3230 3645 3642
3229 3646 3645 3230
3647 3648 3645 3646
3643 3642 3645 3648
3229 3234 3649 3646
3233 3650 3649 3234
3651 3652 3649 3650
3647 3646 3649 3652
3233 3238 3653 3650
3237 3654 3653 3238
3655 3656 3653 3654
3651 3650 3653 3656
3237 3242 3657 3654
3241 3658 3657 3242
3659 3660 3657 3658
3655 3654 3657 3660
3241 3246 3661 3658
3245 3662 3661 3246
3663 3664 3661 3662
3659 3658 3661 3664
3245 3250 3665 3662
3249 3666 3665 3250
3667 3668 3665 3666
3663 3662 3665 3668
3249 3254 3669 3666
3253 3670 3669 3254
3671 3672 3669 3670
3667 3666 3669 3672
3253 3258 3673 3670
3257 3674 3673 3258
3675 3676 3673 3674
3671 3670 3673 3676
3257 3262 3677 3674
3261 3678 3677 3262
3679 3680 3677 3678
3675 3674 3677 3680
3261 3266 3681 3678
3265 3682 3681 3266
3683 3684 3681 3682
3679 3678 3681 3684
3265 3270 3685 3682
3269 3686 3685 3270
3687 3688 3685 3686
3683 3682 3685 3688
3269 3274 3689 3686
3273 3690 3689 3274
3691 3692 3689 3690
3687 3686 3689 3692
3273 3278 3693 3690
3277 3694 3693 3278
3695 3696 3693 3694
3691 3690 3693 3696
3277 3282 3697 3694
3281 3698 3697 3282
3699 3700 3697 3698
3695 3694 3697 3700
3281 3286 3701 3698
3285 3702 3701 3286
3703 3704 3701 3702
3699 3698 3701 3704
3285 3290 3705 3702
3289 3706 3705 3290
3707 3708 3705 3706
3703 3702 3705 3708
3289 3294 3709 3706
3293 3710 3709 3294
3711 3712 3709 3710
3707 3706 3709 3712
3293 3298 3713 3710
3297 3714 3713 3298
3715 3716 3713 3714
3711 3710 3713 3716
3297 3302 3717 3714
3301 3718 3717 3302
3719 3720 3717 3718
3715 3714 3717 3720
3301 3306 3721 3718
3305 3722 3721 3306
3723 3724 3721 3722
3719 3718 3721 3724
3305 3310 3725 3722
3309 3726 3725 3310
3727 3728 3725 3726
3723 3722 3725 3728
3309 3314 3729 3726
3313 3730 3729 3314
3731 3732 3729 3730
3727 3726 3729 3732
3313 3318 3733 3730
3317 3734 3733 3318
3735 3736 3733 3734
3731 3730 3733 3736
3317 3322 3737 3734
3321 3738 3737 3322
3739 3740 3737 3738
3735 3734 3737 3740
3321 3326 3741 3738
3325 3742 3741 3326
3743 3744 3741 3742
3739 3738 3741 3744
3325 3330 3745 3742
3329 3746 3745 3330
3747 3748 3745 3746
3743 3742 3745 3748
3329 3334 3749 3746
3333 3750 3749 3334
3751 3752 3749 3750
3747 3746 3749 3752
3333 3338 3753 3750
3337 3754 3753 3338
3755 3756 3753 3754
3751 3750 3753 3756
3337 3342 3757 3754
3341 3758 3757 3342
3759 3760 3757 3758
3755 3754 3757 3760
3341 3346 3761 3758
3345 3762 3761 3346
3763 3764 3761 3762
3759 3758 3761 3764
3345 3350 3765 3762
3349 3766 3765 3350
3767 3768 3765 3766
3763 3762 3765 3768
3349 3354 3769 3766
3353 3770 3769 3354
3771 3772 3769 3770
3767 3766 3769 3772
3353 3358 3773 3770
3357 3774 3773 3358
3775 3776 3773 3774
3771 3770 3773 3776
3357 3362 3777 3774
3361 3778 3777 3362
3779 3780 3777 3778
3775 3774 3777 3780
3361 3366 3781 3778
3365 3782 3781 3366
3783 3784 3781 3782
3779 3778 3781 3784
3365 3370 3785 3782
3369 3786 3785 3370
3787 3788 3785 3786
3783 3782 3785 3788
3369 3374 3789 3786
3373 3790 3789 3374
3791 3792 3789 3790
3787 3786 3789 3792
3373 3378 3793 3790
3377 3794 3793 3378
3795 3796 3793 3794
3791 3790 3793 3796
3377 3382 3797 3794
3381 3798 3797 3382
3799 3800 3797 3798
3795 3794 3797 3800
3381 3386 3801 3798
3385 3802 3801 3386
3803 3804 3801 3802
3799 3798 3801 3804
3385 3390 3805 3802
3389 3806 3805 3390
3807 3808 3805 3806
3803 3802 3805 3808
3389 3394 3809 3806
3393 3810 3809 3394
3811 3812 3809 3810
3807 3806 3809 3812
3393 3398 3813 3810
3397 3814 3813 3398
3815 3816 3813 3814
3811 3810 3813 3816
3397 3402 3817 3814
3401 3818 3817 3402
3819 3820 3817 3818
3815 3814 3817 3820
3401 3406 3821 3818
3405 3822 3821 3406
3823 3824 3821 3822
3819 3818 3821 3824
3405 3410 3825 3822
3409 3826 3825 3410
3827 3828 3825 3826
3823 3822 3825 3828
3409 3414 3829 3826
3413 3830 3829 3414
3831 3832 3829 3830
3827 3826 3829 3832
3413 3418 3833 3830
3417 3834 3833 3418
3835 3836 3833 3834
3831 3830 3833 3836
3417 3422 3837 3834
3421 3838 3837 3422
3839 3840 3837 3838
3835 3834 3837 3840
3421 3426 3841 3838
3425 3842 3841 3426
3843 3844 3841 3842
3839 3838 3841 3844
3425 3430 3845 3842
3429 3846 3845 3430
3847 3848 3845 3846
3843 3842 3845 3848
3429 3434 3849 3846
3433 3850 3849 3434
3851 3852 3849 3850
3847 3846 3849 3852
3433 3438 3853 3850
3437 3854 3853 3438
3855 3856 3853 3854
3851 3850 3853 3856
3437 3442 3857 3854
3441 3858 3857 3442
3859 3860 3857 3858
3855 3854 3857 3860
3441 3446 3861 3858
3445 3862 3861 3446
3863 3864 3861 3862
3859 3858 3861 3864
3445 3450 3865 3862
3449 3866 3865 3450
3867 3868 3865 3866
3863 3862 3865 3868
3449 3454 3869 3866
3453 3870 3869 3454
3871 3872 3869 3870
3867 3866 3869 3872
3453 3458 3873 3870
3457 3874 3873 3458
3875 3876 3873 3874
3871 3870 3873 3876
3457 3462 3877 3874
3461 3878 3877 3462
3879 3880 3877 3878
3875 3874 3877 3880
3461 3466 3881 3878
3465 3882 3881 3466
3883 3884 3881 3882
3879 3878 3881 3884
3465 3470 3885 3882
3469 3886 3885 3470
3887 3888 3885 3886
3883 3882 3885 3888
3469 3474 3889 3886
3473 3890 3889 3474
3891 3892 3889 3890
3887 3886 3889 3892
3473 3478 3893 3890
3477 3894 3893 3478
3895 3896 3893 3894
3891 3890 3893 3896
3477 3482 3897 3894
3481 3898 3897 3482
3899 3900 3897 3898
3895 3894 3897 3900
3481 3486 3901 3898
3485 3902 3901 3486
3903 3904 3901 3902
3899 3898 3901 3904
3485 3490 3905 3902
3489 3906 3905 3490
3907 3908 3905 3906
3903 3902 3905 3908
3489 3494 3909 3906
3493 3910 3909 3494
3911 3912 3909 3910
3907 3906 3909 3912
3493 3498 3913 3910
3497 3914 3913 3498
3915 3916 3913 3914
3911 3910 3913 3916
3497 3502 3917 3914
3501 3918 3917 3502
3919 3920 3917 3918
3915 3914 3917 3920
3501 3506 3921 3918
3505 3922 3921 3506
3923 3924 3921 3922
3919 3918 3921 3924
3505 3510 3925 3922
3509 3926 3925 3510
3927 3928 3925 3926
3923 3922 3925 3928
3509 3514 3929 3926
3513 3930 3929 3514
3931 3932 3929 3930
3927 3926 3929 3932
3513 3518 3933 3930
3517 3934 3933 3518
3935 3936 3933 3934
3931 3930 3933 3936
3517 3522 3937 3934
3521 3938 3937 3522
3939 3940 3937 3938
3935 3934 3937 3940
3521 3526 3941 3938
3525 3942 3941 3526
3943 3944 3941 3942
3939 3938 3941 3944
3525 3530 3945 3942
3529 3946 3945 3530
3947 3948 3945 3946
3943 3942 3945 3948
3529 3534 3949 3946
3533 3950 3949 3534
3951 3952 3949 3950
3947 3946 3949 3952
3533 3538 3953 3950
3537 3954 3953 3538
3955 3956 3953 3954
3951 3950 3953 3956
3537 3542 3957 3954
3541 3958 3957 3542
3959 3960 3957 3958
3955 3954 3957 3960
3541 3546 3961 3958
3545 3962 3961 3546
3963 3964 3961 3962
3959 3958 3961 3964
3545 3550 3965 3962
3549 3966 3965 3550
3967 3968 3965 3966
3963 3962 3965 3968
3549 3554 3969 3966
3553 3970 3969 3554
3971 3972 3969 3970
3967 3966 3969 3972
3560 3559 3973 3974
3558 3975 3973 3559
3976 3977 3973 3975
3978 3974 3973 3977
3558 3564 3979 3975
3563 3980 3979 3564
3981 3982 3979 3980
3976 3975 3979 3982
3563 3568 3983 3980
3567 3984 3983 3568
3985 3986 3983 3984
3981 3980 3983 3986
3567 3572 3987 3984
3571 3988 3987 3572
3989 3990 3987 3988
3985 3984 3987 3990
3571 3576 3991 3988
3575 3992 3991 3576
3993 3994 3991 3992
3989 3988 3991 3994
3575 3580 3995 3992
3579 3996 3995 3580
3997 3998 3995 3996
3993 3992 3995 3998
3579 3584 3999 3996
3583 4000 3999 3584
4001 4002 3999 4000
3997 3996 3999 4002
3583 3588 4003 4000
3587 4004 4003 3588
4005 4006 4003 4004
4001 4000 4003 4006
3587 3592 4007 4004
3591 4008 4007 3592
4009 4010 4007 4008
4005 4004 4007 4010
3591 3596 4011 4008
3595 4012 4011 3596
4013 4014 4011 4012
4009 4008 4011 4014
3595 3600 4015 4012
3599 4016 4015 3600
4017 4018 4015 4016
4013 4012 4015 4018
3599 3604 4019 4016
3603 4020 4019 3604
4021 4022 4019 4020
4017 4016 4019 4022
3603 3608 4023 4020
3607 4024 4023 3608
4025 4026 4023 4024
4021 4020 4023 4026
3607 3612 4027 4024
3611 4028 4027 3612
4029 4030 4027 4028
4025 4024 4027 4030
3611 3616 4031 4028
3615 4032 4031 3616
4033 4034 4031 4032
4029 4028 4031 4034
3615 3620 4035 4032
3619 4036 4035 3620
4037 4038 4035 4036
4033 4032 4035 4038
3619 3624 4039 4036
3623 4040 4039 3624
4041 4042 4039 4040
4037 4036 4039 4042
3623 3628 4043 4040
3627 4044 4043 3628
4045 4046 4043 4044
4041 4040 4043 4046
3627 3632 4047 4044
3631 4048 4047 3632
4049 4050 4047 4048
4045 4044 4047 4050
3631 3636 4051 4048
3635 4052 4051 3636
4053 4054 4051 4052
4049 4048 4051 4054
3635 3640 4055 4052
3639 4056 4055 3640
4057 4058 4055 4056
4053 4052 4055 4058
3639 3644 4059 4056
3643 4060 4059 3644
4061 4062 4059 4060
4057 4056 4059 4062
3643 3648 4063 4060
3647 4064 4063 3648
4065 4066 4063 4064
4061 4060 4063 4066
3647 3652 4067 4064
3651 4068 4067 3652
4069 4070 4067 4068
4065 4064 4067 4070
3651 3656 4071 4068
3655 4072 4071 3656
4073 4074 4071 4072
4069 4068 4071 4074
3655 3660 4075 4072
3659 4076 4075 3660
4077 4078 4075 4076
4073 4072 4075 4078
3659 3664 4079 4076
3663 4080 4079 3664
4081 4082 4079 4080
4077 4076 4079 4082
3663 3668 4083 4080
3667 4084 4083 3668
4085 4086 4083 4084
4081 4080 4083 4086
3667 3672 4087 4084
3671 4088 4087 3672
4089 4090 4087 4088
4085 4084 4087 4090
3671 3676 4091 4088
3675 4092 4091 3676
4093 4094 4091 4092
4089 4088 4091 4094
3675 3680 4095 4092
3679 4096 4095 3680
4097 4098 4095 4096
4093 4092 4095 4098
3679 3684 4099 4096
3683 4100 4099 3684
4101 4102 4099 4100
4097 4096 4099 4102
3683 3688 4103 4100
3687 4104 4103 3688
4105 4106 4103 4104
4101 4100 4103 4106
3687 3692 4107 4104
3691 4108 4107 3692
4109 4110 4107 4108
4105 4104 4107 4110
3691 3696 4111 4108
3695 4112 4111 3696
4113 4114 4111 4112
4109 4108 4111 4114
3695 3700 4115 4112
3699 4116 4115 3700
4117 4118 4115 4116
4113 4112 4115 4118
3699 3704 4119 4116
3703 4120 4119 3704
4121 4122 4119 4120
4117 4116 4119 4122
3703 3708 4123 4120
3707 4124 4123 3708
4125 4126 4123 4124
4121 4120 4123 4126
3707 3712 4127 4124
3711 4128 4127 3712
4129 4130 4127 4128
4125 4124 4127 4130
3711 3716 4131 4128
3715 4132 4131 3716
4133 4134 4131 4132
4129 4128 4131 4134
3715 3720 4135 4132
3719 4136 4135 3720
4137 4138 4135 4136
4133 4132 4135 4138
3719 3724 4139 4136
3723 4140 4139 3724
4141 4142 4139 4140
4137 4136 4139 4142
3723 3728 4143 4140
3727 4144 4143 3728
4145 4146 4143 4144
4141 4140 4143 4146
3727 3732 4147 4144
3731 4148 4147 3732
4149 4150 4147 4148
4145 4144 4147 4150
3731 3736 4151 4148
3735 4152 4151 3736
4153 4154 4151 4152
4149 4148 4151 4154
3735 3740 4155 4152
3739 4156 4155 3740
4157 4158 4155 4156
4153 4152 4155 4158
3739 3744 4159 4156
3743 4160 4159 3744
4161 4162 4159 4160
4157 4156 4159 4162
3743 3748 4163 4160
3747 4164 4163 3748
4165 4166 4163 4164
4161 4160 4163 4166
3747 3752 4167 4164
3751 4168 4167 3752
4169 4170 4167 4168
4165 4164 4167 4170
3751 3756 4171 4168
3755 4172 4171 3756
4173 4174 4171 4172
4169 4168 4171 4174
3755 3760 4175 4172
3759 4176 4175 3760
4177 4178 4175 4176
4173 4172 4175 4178
3759 3764 4179 4176
3763 4180 4179 3764
1255 4181 4179 4180
4177 4176 4179 4181
3763 3768 4182 4180
3767 4183 4182 3768
1251 1254 4182 4183
1255 4180 4182 1254
3767 3772 4184 4183
3771 4185 4184 3772
1247 1250 4184 4185
1251 4183 4184 1250
3771 3776 4186 4185
3775 4187 4186 3776
1243 1246 4186 4187
1247 4185 4186 1246
3775 3780 4188 4187
3779 4189 4188 3780
1239 1242 4188 4189
1243 4187 4188 1242
3779 3784 4190 4189
3783 4191 4190 3784
1235 1238 4190 4191
1239 4189 4190 1238
3783 3788 4192 4191
3787 4193 4192 3788
1231 1234 4192 4193
1235 4191 4192 1234
3787 3792 4194 4193
3791 4195 4194 3792
1227 1230 4194 4195
1231 4193 4194 1230
3791 3796 4196 4195
3795 4197 4196 3796
1223 1226 4196 4197
1227 4195 4196 1226
3795 3800 4198 4197
3799 4199 4198 3800
1219 1222 4198 4199
1223 4197 4198 1222
3799 3804 4200 4199
3803 4201 4200 3804
1215 1218 4200 4201
1219 4199 4200 1218
3803 3808 4202 4201
3807 4203 4202 3808
1211 1214 4202 4203
1215 4201 4202 1214
3807 3812 4204 4203
3811 4205 4204 3812
1207 1210 4204 4205
1211 4203 4204 1210
3811 3816 4206 4205
3815 4207 4206 3816
1203 1206 4206 4207
1207 4205 4206 1206
3815 3820 4208 4207
3819 4209 4208 3820
1199 1202 4208 4209
1203 4207 4208 1202
3819 3824 4210 4209
3823 4211 4210 3824
1195 1198 4210 4211
1199 4209 4210 1198
3823 3828 4212 4211
3827 4213 4212 3828
1191 1194 4212 4213
1195 4211 4212 1194
3827 3832 4214 4213
3831 4215 4214 3832
1187 1190 4214 4215
1191 4213 4214 1190
3831 3836 4216 4215
3835 4217 4216 3836
1183 1186 4216 4217
1187 4215 4216 1186
3835 3840 4218 4217
3839 4219 4218 3840
1179 1182 4218 4219
1183 4217 4218 1182
3839 3844 4220 4219
3843 4221 4220 3844
1175 1178 4220 4221
1179 4219 4220 1178
3843 3848 4222 4221
3847 4223 4222 3848
1171 1174 4222 4223
1175 4221 4222 1174
3847 3852 4224 4223
3851 4225 4224 3852
1167 1170 4224 4225
1171 4223 4224 1170
3851 3856 4226 4225
3855 4227 4226 3856
1163 1166 4226 4227
1167 4225 4226 1166
3855 3860 4228 4227
3859 4229 4228 3860
1159 1162 4228 4229
1163 4227 4228 1162
3859 3864 4230 4229
3863 4231 4230 3864
1155 1158 4230 4231
1159 4229 4230 1158
3863 3868 4232 4231
3867 4233 4232 3868
1151 1154 4232 4233
1155 4231 4232 1154
3867 3872 4234 4233
3871 4235 4234 3872
1147 1150 4234 4235
1151 4233 4234 1150
3871 3876 4236 4235
3875 4237 4236 3876
1143 1146 4236 4237
1147 4235 4236 1146
3875 3880 4238 4237
3879 4239 4238 3880
1139 1142 4238 4239
1143 4237 4238 1142
3879 3884 4240 4239
3883 4241 4240 3884
1135 1138 4240 4241
1139 4239 4240 1138
3883 3888 4242 4241
3887 4243 4242 3888
1131 1134 4242 4243
1135 4241 4242 1134
3887 3892 4244 4243
3891 4245 4244 3892
1127 1130 4244 4245
1131 4243 4244 1130
3891 3896 4246 4245
3895 4247 4246 3896
1123 1126 4246 4247
1127 4245 4246 1126
3895 3900 4248 4247
3899 4249 4248 3900
1119 1122 4248 4249
1123 4247 4248 1122
3899 3904 4250 4249
3903 4251 4250 3904
1115 1118 4250 4251
1119 4249 4250 1118
3903 3908 4252 4251
3907 4253 4252 3908
1111 1114 4252 4253
1115 4251 4252 1114
3907 3912 4254 4253
3911 4255 4254 3912
1107 1110 4254 4255
1111 4253 4254 1110
3911 3916 4256 4255
3915 4257 4256 3916
1103 1106 4256 4257
1107 4255 4256 1106
3915 3920 4258 4257
3919 4259 4258 3920
1099 1102 4258 4259
1103 4257 4258 1102
3919 3924 4260 4259
3923 4261 4260 3924
1095 1098 4260 4261
1099 4259 4260 1098
3923 3928 4262 4261
3927 4263 4262 3928
1091 1094 4262 4263
1095 4261 4262 1094
3927 3932 4264 4263
3931 4265 4264 3932
1087 1090 4264 4265
1091 4263 4264 1090
3931 3936 4266 4265
3935 4267 4266 3936
1083 1086 4266 4267
1087 4265 4266 1086
3935 3940 4268 4267
3939 4269 4268 3940
1079 1082 4268 4269
1083 4267 4268 1082
3939 3944 4270 4269
3943 4271 4270 3944
1075 1078 4270 4271
1079 4269 4270 1078
3943 3948 4272 4271
3947 4273 4272 3948
1071 1074 4272 4273
1075 4271 4272 1074
3947 3952 4274 4273
3951 4275 4274 3952
1067 1070 4274 4275
1071 4273 4274 1070
3951 3956 4276 4275
3955 4277 4276 3956
1063 1066 4276 4277
1067 4275 4276 1066
3955 3960 4278 4277
3959 4279 4278 3960
1059 1062 4278 4279
1063 4277 4278 1062
3959 3964 4280 4279
3963 4281 4280 3964
1055 1058 4280 4281
1059 4279 4280 1058
3963 3968 4282 4281
3967 4283 4282 3968
1051 1054 4282 4283
1055 4281 4282 1054
3967 3972 4284 4283
3971 4285 4284 3972
1049 1050 4284 4285
1051 4283 4284 1050
3978 3977 4286 4287
3976 4288 4286 3977
1041 1044 4286 4288
1045 4287 4286 1044
3976 3982 4289 4288
3981 4290 4289 3982
1037 1040 4289 4290
1041 4288 4289 1040
3981 3986 4291 4290
3985 4292 4291 3986
1033 1036 4291 4292
1037 4290 4291 1036
3985 3990 4293 4292
3989 4294 4293 3990
1029 1032 4293 4294
1033 4292 4293 1032
3989 3994 4295 4294
3993 4296 4295 3994
1025 1028 4295 4296
1029 4294 4295 1028
3993 3998 4297 4296
3997 4298 4297 3998
1021 1024 4297 4298
1025 4296 4297 1024
3997 4002 4299 4298
4001 4300 4299 4002
1017 1020 4299 4300
1021 4298 4299 1020
4001 4006 4301 4300
4005 4302 4301 4006
1013 1016 4301 4302
1017 4300 4301 1016
4005 4010 4303 4302
4009 4304 4303 4010
1009 1012 4303 4304
1013 4302 4303 1012
4009 4014 4305 4304
4013 4306 4305 4014
1005 1008 4305 4306
1009 4304 4305 1008
4013 4018 4307 4306
4017 4308 4307 4018
1001 1004 4307 4308
1005 4306 4307 1004
4017 4022 4309 4308
4021 4310 4309 4022
997 1000 4309 4310
1001 4308 4309 1000
4021 4026 4311 4310
4025 4312 4311 4026
993 996 4311 4312
997 4310 4311 996
4025 4030 4313 4312
4029 4314 4313 4030
989 992 4313 4314
993 4312 4313 992
4029 4034 4315 4314
4033 4316 4315 4034
985 988 4315 4316
989 4314 4315 988
4033 4038 4317 4316
4037 4318 4317 4038
981 984 4317 4318
985 4316 4317 984
4037 4042 4319 4318
4041 4320 4319 4042
977 980 4319 4320
981 4318 4319 980
4041 4046 4321 4320
4045 4322 4321 4046
973 976 4321 4322
977 4320 4321 976
4045 4050 4323 4322
4049 4324 4323 4050
969 972 4323 4324
973 4322 4323 972
4049 4054 4325 4324
4053 4326 4325 4054
965 968 4325 4326
969 4324 4325 968
4053 4058 4327 4326
4057 4328 4327 4058
961 964 4327 4328
965 4326 4327 964
4057 4062 4329 4328
4061 4330 4329 4062
957 960 4329 4330
961 4328 4329 960
4061 4066 4331 4330
4065 4332 4331 4066
953 956 4331 4332
957 4330 4331 956
4065 4070 4333 4332
4069 4334 4333 4070
949 952 4333 4334
953 4332 4333 952
4069 4074 4335 4334
4073 4336 4335 4074
945 948 4335 4336
949 4334 4335 948
4073 4078 4337 4336
4077 4338 4337 4078
941 944 4337 4338
945 4336 4337 944
4077 4082 4339 4338
4081 4340 4339 4082
937 940 4339 4340
941 4338 4339 940
4081 4086 4341 4340
4085 4342 4341 4086
933 936 4341 4342
937 4340 4341 936
4085 4090 4343 4342
4089 4344 4343 4090
929 932 4343 4344
933 4342 4343 932
4089 4094 4345 4344
4093 4346 4345 4094
925 928 4345 4346
929 4344 4345 928
4093 4098 4347 4346
4097 4348 4347 4098
921 924 4347 4348
925 4346 4347 924
4097 4102 4349 4348
4101 4350 4349 4102
917 920 4349 4350
921 4348 4349 920
4101 4106 4351 4350
4105 4352 4351 4106
913 916 4351 4352
917 4350 4351 916
4105 4110 4353 4352
4109 4354 4353 4110
909 912 4353 4354
913 4352 4353 912
4109 4114 4355 4354
4113 4356 4355 4114
905 908 4355 4356
909 4354 4355 908
4113 4118 4357 4356
4117 4358 4357 4118
901 904 4357 4358
905 4356 4357 904
4117 4122 4359 4358
4121 4360 4359 4122
897 900 4359 4360
901 4358 4359 900
4121 4126 4361 4360
4125 4362 4361 4126
893 896 4361 4362
897 4360 4361 896
4125 4130 4363 4362
4129 4364 4363 4130
889 892 4363 4364
893 4362 4363 892
4129 4134 4365 4364
4133 4366 4365 4134
885 888 4365 4366
889 4364 4365 888
4133 4138 4367 4366
4137 4368 4367 4138
881 884 4367 4368
885 4366 4367 884
4137 4142 4369 4368
4141 4370 4369 4142
877 880 4369 4370
881 4368 4369 880
4141 4146 4371 4370
4145 4372 4371 4146
873 876 4371 4372
877 4370 4371 876
4145 4150 4373 4372
4149 4374 4373 4150
869 872 4373 4374
873 4372 4373 872
4149 4154 4375 4374
4153 4376 4375 4154
865 868 4375 4376
869 4374 4375 868
4153 4158 4377 4376
4157 4378 4377 4158
861 864 4377 4378
865 4376 4377 864
4157 4162 4379 4378
4161 4380 4379 4162
857 860 4379 4380
861 4378 4379 860
4161 4166 4381 4380
4165 4382 4381 4166
853 856 4381 4382
857 4380 4381 856
4165 4170 4383 4382
4169 4384 4383 4170
849 852 4383 4384
853 4382 4383 852
4169 4174 4385 4384
4173 4386 4385 4174
845 848 4385 4386
849 4384 4385 848
4173 4178 4387 4386
4177 4388 4387 4178
841 844 4387 4388
845 4386 4387 844
4177 4181 4389 4388
1255 1252 4389 4181
837 840 4389 1252
841 4388 4389 840
